0 0.209866 0.280702 0.038462 0.099415
0 0.248328 0.277778 0.038462 0.099415
0 0.300167 0.280702 0.038462 0.099415
0 0.211538 0.380117 0.038462 0.099415
0 0.251672 0.377193 0.038462 0.099415
0 0.301839 0.377193 0.038462 0.099415
0 0.214883 0.482456 0.038462 0.099415
0 0.250000 0.479532 0.038462 0.099415
0 0.459030 0.485380 0.038462 0.099415
0 0.214883 0.678363 0.038462 0.099415
0 0.253344 0.681287 0.038462 0.099415
0 0.291806 0.681287 0.038462 0.099415
0 0.530936 0.692982 0.038462 0.099415
0 0.569398 0.695906 0.038462 0.099415
