0 0.183109 0.275309 0.043348 0.086420
0 0.221973 0.275309 0.043348 0.086420
0 0.274290 0.277778 0.043348 0.086420
0 0.184604 0.366667 0.043348 0.086420
0 0.224963 0.366667 0.043348 0.086420
0 0.275785 0.366667 0.043348 0.086420
0 0.183109 0.460494 0.043348 0.086420
0 0.220478 0.465432 0.043348 0.086420
0 0.434230 0.472840 0.043348 0.086420
0 0.181614 0.645679 0.043348 0.086420
0 0.227952 0.648148 0.043348 0.086420
0 0.265321 0.658025 0.043348 0.086420
0 0.500000 0.660494 0.043348 0.086420
0 0.535874 0.660494 0.043348 0.086420
1 0.357250 0.276543 0.029895 0.093827
1 0.397608 0.370370 0.029895 0.093827
1 0.307922 0.649383 0.029895 0.093827
1 0.345291 0.656790 0.029895 0.093827
1 0.402093 0.656790 0.029895 0.093827
1 0.621824 0.669136 0.029895 0.093827
