0 0.213366 0.236390 0.037037 0.094556
0 0.247182 0.236390 0.037037 0.094556
0 0.297101 0.236390 0.037037 0.094556
0 0.214976 0.336676 0.037037 0.094556
0 0.252013 0.336676 0.037037 0.094556
0 0.298712 0.333811 0.037037 0.094556
0 0.214976 0.431232 0.037037 0.094556
0 0.253623 0.439828 0.037037 0.094556
0 0.450081 0.439828 0.037037 0.094556
0 0.216586 0.626074 0.037037 0.094556
0 0.258454 0.626074 0.037037 0.094556
0 0.292271 0.628940 0.037037 0.094556
0 0.520934 0.637536 0.037037 0.094556
0 0.556361 0.637536 0.037037 0.094556
1 0.376006 0.239255 0.027375 0.100287
1 0.414654 0.336676 0.027375 0.100287
1 0.335749 0.626074 0.027375 0.100287
1 0.369565 0.631805 0.027375 0.100287
1 0.430757 0.643266 0.027375 0.100287
1 0.640097 0.643266 0.027375 0.100287
