0 0.208716 0.296875 0.041284 0.098958
0 0.246942 0.296875 0.041284 0.098958
0 0.300459 0.294271 0.041284 0.098958
0 0.210245 0.395833 0.041284 0.098958
0 0.250000 0.395833 0.041284 0.098958
0 0.214832 0.500000 0.041284 0.098958
0 0.251529 0.500000 0.041284 0.098958
0 0.457951 0.484375 0.041284 0.098958
0 0.219419 0.690104 0.041284 0.098958
0 0.257645 0.690104 0.041284 0.098958
0 0.294343 0.690104 0.041284 0.098958
0 0.534404 0.666667 0.041284 0.098958
0 0.568043 0.664062 0.041284 0.098958
1 0.386850 0.285156 0.024465 0.091146
1 0.426606 0.384115 0.024465 0.091146
1 0.342508 0.688802 0.024465 0.091146
1 0.380734 0.678385 0.024465 0.091146
1 0.435780 0.670573 0.024465 0.091146
1 0.651376 0.654948 0.024465 0.091146
