0 0.204054 0.258621 0.037838 0.089655
0 0.243243 0.263218 0.037838 0.089655
0 0.293243 0.265517 0.037838 0.089655
0 0.205405 0.357471 0.037838 0.089655
0 0.244595 0.362069 0.037838 0.089655
0 0.291892 0.362069 0.037838 0.089655
0 0.206757 0.451724 0.037838 0.089655
0 0.241892 0.458621 0.037838 0.089655
0 0.445946 0.470115 0.037838 0.089655
0 0.204054 0.647126 0.037838 0.089655
0 0.239189 0.644828 0.037838 0.089655
0 0.279730 0.651724 0.037838 0.089655
0 0.514865 0.665517 0.037838 0.089655
0 0.554054 0.670115 0.037838 0.089655
