0 0.184834 0.285294 0.037915 0.100000
0 0.224329 0.285294 0.037915 0.100000
0 0.273302 0.276471 0.037915 0.100000
0 0.187994 0.391176 0.037915 0.100000
0 0.227488 0.382353 0.037915 0.100000
0 0.278041 0.382353 0.037915 0.100000
0 0.191153 0.488235 0.037915 0.100000
0 0.229068 0.491176 0.037915 0.100000
0 0.431280 0.467647 0.037915 0.100000
0 0.194313 0.700000 0.037915 0.100000
0 0.235387 0.694118 0.037915 0.100000
0 0.271722 0.691176 0.037915 0.100000
0 0.505529 0.664706 0.037915 0.100000
0 0.541864 0.667647 0.037915 0.100000
1 0.355450 0.269118 0.028436 0.108824
1 0.396524 0.360294 0.028436 0.108824
1 0.355450 0.677941 0.028436 0.108824
1 0.406003 0.675000 0.028436 0.108824
1 0.315956 0.686765 0.028436 0.108824
1 0.620853 0.657353 0.028436 0.108824
