0 0.200942 0.305866 0.047096 0.108939
0 0.241758 0.303073 0.047096 0.108939
0 0.293564 0.303073 0.047096 0.108939
0 0.204082 0.413408 0.050235 0.100559
0 0.246468 0.413408 0.050235 0.100559
0 0.293564 0.405028 0.050235 0.100559
0 0.205651 0.511173 0.050235 0.100559
0 0.244898 0.511173 0.050235 0.100559
0 0.458399 0.494413 0.050235 0.100559
0 0.204082 0.717877 0.050235 0.100559
0 0.249608 0.720670 0.050235 0.100559
0 0.296703 0.723464 0.043956 0.106145
0 0.535322 0.689944 0.050235 0.100559
0 0.573783 0.685754 0.042386 0.103352
1 0.381476 0.293296 0.025118 0.100559
1 0.420722 0.388268 0.025118 0.100559
1 0.340659 0.712291 0.025118 0.100559
1 0.375196 0.706704 0.025118 0.100559
1 0.439560 0.701117 0.025118 0.100559
1 0.651491 0.675978 0.025118 0.100559
