0 0.199060 0.283862 0.043887 0.095101
0 0.242947 0.280980 0.043887 0.095101
0 0.297806 0.278098 0.043887 0.095101
0 0.200627 0.396254 0.043887 0.095101
0 0.241379 0.390490 0.043887 0.095101
0 0.297806 0.390490 0.043887 0.095101
0 0.244514 0.505764 0.043887 0.095101
0 0.199060 0.508646 0.043887 0.095101
0 0.199060 0.721902 0.043887 0.095101
0 0.244514 0.721902 0.043887 0.095101
0 0.280564 0.719020 0.043887 0.095101
0 0.521944 0.698847 0.043887 0.095101
0 0.562696 0.695965 0.043887 0.095101
0 0.457680 0.485591 0.043887 0.095101
