0 0.203883 0.272265 0.041609 0.101781
0 0.244105 0.274809 0.041609 0.101781
0 0.292649 0.277354 0.041609 0.101781
0 0.203883 0.379135 0.041609 0.101781
0 0.244105 0.379135 0.041609 0.101781
0 0.292649 0.376590 0.041609 0.101781
0 0.202497 0.473282 0.041609 0.101781
0 0.246879 0.473282 0.041609 0.101781
0 0.442441 0.473282 0.041609 0.101781
0 0.208044 0.676845 0.041609 0.101781
0 0.248266 0.679389 0.041609 0.101781
0 0.284327 0.674300 0.041609 0.101781
0 0.509015 0.674300 0.041609 0.101781
0 0.549237 0.671756 0.041609 0.101781
1 0.372399 0.279898 0.029126 0.106870
1 0.407074 0.368957 0.029126 0.106870
1 0.326630 0.671756 0.029126 0.106870
1 0.361304 0.676845 0.029126 0.106870
1 0.411234 0.674300 0.029126 0.106870
1 0.624827 0.674300 0.029126 0.106870
