0 0.189354 0.280303 0.040140 0.093939
0 0.227749 0.283333 0.040140 0.093939
0 0.280105 0.286364 0.040140 0.093939
0 0.187609 0.380303 0.040140 0.093939
0 0.226003 0.386364 0.040140 0.093939
0 0.278360 0.389394 0.040140 0.093939
0 0.187609 0.486364 0.040140 0.093939
0 0.229494 0.489394 0.040140 0.093939
0 0.431937 0.498485 0.040140 0.093939
0 0.191099 0.683333 0.040140 0.093939
0 0.227749 0.689394 0.040140 0.093939
0 0.267888 0.686364 0.040140 0.093939
0 0.501745 0.692424 0.040140 0.093939
0 0.540140 0.692424 0.040140 0.093939
1 0.363874 0.289394 0.026178 0.100000
1 0.400524 0.383333 0.026178 0.100000
1 0.309773 0.680303 0.026178 0.100000
1 0.344677 0.683333 0.026178 0.100000
1 0.402269 0.692424 0.026178 0.100000
1 0.616928 0.692424 0.026178 0.100000
