0 0.199468 0.259815 0.042553 0.090069
0 0.238032 0.257506 0.042553 0.090069
0 0.199468 0.363741 0.042553 0.090069
0 0.239362 0.361432 0.042553 0.090069
0 0.291223 0.262125 0.042553 0.090069
0 0.291223 0.361432 0.042553 0.090069
0 0.199468 0.463048 0.042553 0.090069
0 0.239362 0.463048 0.042553 0.090069
0 0.200798 0.661663 0.042553 0.090069
0 0.236702 0.659353 0.042553 0.090069
0 0.277926 0.661663 0.042553 0.090069
0 0.505319 0.661663 0.042553 0.090069
0 0.541223 0.659353 0.042553 0.090069
0 0.446809 0.467667 0.042553 0.090069
1 0.376330 0.266744 0.023936 0.099307
1 0.414894 0.363741 0.023936 0.099307
1 0.319149 0.661663 0.023936 0.099307
1 0.359043 0.663972 0.023936 0.099307
1 0.418883 0.659353 0.023936 0.099307
1 0.627660 0.659353 0.023936 0.099307
