0 0.196825 0.263834 0.046561 0.116601
0 0.238095 0.269763 0.046561 0.116601
0 0.295238 0.275692 0.046561 0.116601
0 0.200000 0.376482 0.046561 0.116601
0 0.242328 0.376482 0.046561 0.116601
0 0.298413 0.386364 0.046561 0.116601
0 0.196825 0.485178 0.046561 0.116601
0 0.235979 0.485178 0.046561 0.116601
0 0.455026 0.495059 0.046561 0.116601
0 0.196825 0.696640 0.046561 0.116601
0 0.241270 0.690711 0.046561 0.116601
0 0.283598 0.698617 0.046561 0.116601
0 0.519577 0.698617 0.046561 0.116601
0 0.558730 0.696640 0.046561 0.116601
