0 0.204748 0.273775 0.035608 0.103746
0 0.243323 0.268012 0.035608 0.103746
0 0.289318 0.262248 0.035608 0.103746
0 0.207715 0.374640 0.035608 0.103746
0 0.244807 0.377522 0.035608 0.103746
0 0.290801 0.371758 0.035608 0.103746
0 0.209199 0.484150 0.035608 0.103746
0 0.244807 0.475504 0.035608 0.103746
0 0.437685 0.461095 0.035608 0.103746
0 0.215134 0.691643 0.035608 0.103746
0 0.250742 0.688761 0.035608 0.103746
0 0.286350 0.680115 0.035608 0.103746
0 0.504451 0.654179 0.035608 0.103746
0 0.540059 0.657061 0.035608 0.103746
1 0.370178 0.260807 0.022255 0.106628
1 0.408754 0.355908 0.022255 0.106628
1 0.327151 0.678674 0.022255 0.106628
1 0.362760 0.675793 0.022255 0.106628
1 0.414688 0.667147 0.022255 0.106628
1 0.616469 0.644092 0.022255 0.106628
