0 0.219212 0.257669 0.044335 0.094070
0 0.261084 0.257669 0.044335 0.094070
0 0.305419 0.267894 0.044335 0.094070
0 0.215517 0.355828 0.044335 0.094070
0 0.262315 0.355828 0.044335 0.094070
0 0.310345 0.361963 0.044335 0.094070
0 0.214286 0.445808 0.044335 0.094070
0 0.257389 0.447853 0.044335 0.094070
0 0.213054 0.629857 0.044335 0.094070
0 0.253695 0.629857 0.044335 0.094070
0 0.298030 0.633947 0.044335 0.094070
0 0.520936 0.650307 0.044335 0.094070
0 0.554187 0.656442 0.044335 0.094070
1 0.389163 0.275051 0.027094 0.092025
1 0.429803 0.373211 0.027094 0.092025
1 0.336207 0.630879 0.027094 0.092025
1 0.374384 0.639059 0.027094 0.092025
1 0.427340 0.645194 0.027094 0.092025
1 0.631773 0.661554 0.027094 0.092025
