0 0.224806 0.280449 0.043411 0.112179
0 0.260465 0.270833 0.043411 0.112179
0 0.316279 0.264423 0.043411 0.112179
0 0.227907 0.392628 0.043411 0.112179
0 0.268217 0.389423 0.043411 0.112179
0 0.320930 0.386218 0.043411 0.112179
0 0.231008 0.504808 0.043411 0.112179
0 0.269767 0.504808 0.043411 0.112179
0 0.471318 0.491987 0.043411 0.112179
0 0.232558 0.735577 0.043411 0.112179
0 0.272868 0.735577 0.043411 0.112179
0 0.313178 0.732372 0.043411 0.112179
0 0.541085 0.706731 0.043411 0.112179
0 0.578295 0.706731 0.043411 0.112179
1 0.395349 0.269231 0.027907 0.108974
1 0.432558 0.371795 0.027907 0.108974
1 0.353488 0.727564 0.027907 0.108974
1 0.389147 0.721154 0.027907 0.108974
1 0.448062 0.721154 0.027907 0.108974
1 0.654264 0.705128 0.027907 0.108974
