0 0.203440 0.254302 0.046263 0.091778
0 0.246145 0.263862 0.046263 0.091778
0 0.301898 0.269598 0.046263 0.091778
0 0.196323 0.357553 0.046263 0.091778
0 0.246145 0.359465 0.046263 0.091778
0 0.295967 0.365201 0.046263 0.091778
0 0.201068 0.456979 0.046263 0.091778
0 0.243772 0.458891 0.046263 0.091778
0 0.456109 0.481836 0.046263 0.091778
0 0.201068 0.640535 0.046263 0.091778
0 0.240214 0.644359 0.046263 0.091778
0 0.282918 0.653920 0.046263 0.091778
0 0.513049 0.676864 0.046263 0.091778
0 0.548636 0.676864 0.046263 0.091778
1 0.385528 0.282027 0.028470 0.089866
1 0.421115 0.379541 0.028470 0.089866
1 0.322657 0.656788 0.028470 0.089866
1 0.359431 0.660612 0.028470 0.089866
1 0.417556 0.664436 0.028470 0.089866
1 0.625148 0.687380 0.028470 0.089866
