0 0.207143 0.339009 0.042857 0.108359
0 0.248413 0.329721 0.042857 0.108359
0 0.294444 0.323529 0.042857 0.108359
0 0.207143 0.450464 0.042857 0.108359
0 0.243651 0.441176 0.042857 0.108359
0 0.297619 0.431889 0.042857 0.108359
0 0.211905 0.555728 0.042857 0.108359
0 0.246825 0.546440 0.042857 0.108359
0 0.453175 0.521672 0.042857 0.108359
0 0.218254 0.772446 0.042857 0.108359
0 0.256349 0.766254 0.042857 0.108359
0 0.297619 0.760062 0.042857 0.108359
0 0.527778 0.726006 0.042857 0.108359
0 0.562698 0.729102 0.042857 0.108359
1 0.372222 0.314241 0.030159 0.114551
1 0.418254 0.410217 0.030159 0.114551
1 0.337302 0.760062 0.030159 0.114551
1 0.375397 0.753870 0.030159 0.114551
1 0.638889 0.722910 0.030159 0.114551
