0 0.225983 0.282243 0.041485 0.097196
0 0.267467 0.291589 0.041485 0.097196
0 0.323144 0.295327 0.041485 0.097196
0 0.223799 0.381308 0.041485 0.097196
0 0.262009 0.388785 0.041485 0.097196
0 0.316594 0.400000 0.041485 0.097196
0 0.471616 0.519626 0.041485 0.097196
0 0.218341 0.476636 0.041485 0.097196
0 0.259825 0.489720 0.041485 0.097196
0 0.216157 0.671028 0.041485 0.097196
0 0.253275 0.682243 0.041485 0.097196
0 0.292576 0.685981 0.041485 0.097196
0 0.563319 0.721495 0.041485 0.097196
0 0.524017 0.714019 0.041485 0.097196
