0 0.209761 0.271120 0.049844 0.113949
0 0.247144 0.267191 0.049844 0.113949
0 0.299065 0.275049 0.049844 0.113949
0 0.206646 0.372299 0.041537 0.111984
0 0.250260 0.380157 0.041537 0.111984
0 0.303219 0.384086 0.041537 0.111984
0 0.214953 0.490177 0.041537 0.111984
0 0.256490 0.490177 0.041537 0.111984
0 0.457944 0.488212 0.041537 0.111984
0 0.212876 0.694499 0.041537 0.111984
0 0.254413 0.694499 0.041537 0.111984
0 0.296989 0.692534 0.041537 0.111984
0 0.525441 0.690570 0.041537 0.111984
0 0.555556 0.690570 0.041537 0.111984
