0 0.209585 0.264198 0.038627 0.093827
0 0.246781 0.264198 0.038627 0.093827
0 0.209585 0.355556 0.038627 0.093827
0 0.246781 0.355556 0.038627 0.093827
0 0.298283 0.269136 0.038627 0.093827
0 0.293991 0.358025 0.038627 0.093827
0 0.206724 0.451852 0.038627 0.093827
0 0.246781 0.451852 0.038627 0.093827
0 0.441345 0.464198 0.038627 0.093827
0 0.209585 0.637037 0.038627 0.093827
0 0.243920 0.641975 0.038627 0.093827
0 0.283977 0.639506 0.038627 0.093827
0 0.510014 0.649383 0.038627 0.093827
0 0.548641 0.656790 0.038627 0.093827
1 0.373391 0.267901 0.028612 0.101235
1 0.410587 0.364198 0.028612 0.101235
1 0.321888 0.638272 0.028612 0.101235
1 0.354793 0.643210 0.028612 0.101235
1 0.413448 0.648148 0.028612 0.101235
1 0.622318 0.662963 0.028612 0.101235
