0 0.196066 0.268182 0.041878 0.104545
0 0.236675 0.268182 0.041878 0.104545
0 0.286168 0.268182 0.041878 0.104545
0 0.199873 0.368182 0.041878 0.104545
0 0.237944 0.372727 0.041878 0.104545
0 0.283629 0.372727 0.041878 0.104545
0 0.199873 0.465909 0.041878 0.104545
0 0.239213 0.470455 0.041878 0.104545
0 0.435914 0.472727 0.041878 0.104545
0 0.204949 0.661364 0.041878 0.104545
0 0.240482 0.661364 0.041878 0.104545
0 0.277284 0.663636 0.041878 0.104545
0 0.501904 0.670455 0.041878 0.104545
0 0.541244 0.675000 0.041878 0.104545
1 0.366751 0.270455 0.025381 0.095455
1 0.406091 0.375000 0.025381 0.095455
1 0.322335 0.665909 0.025381 0.095455
1 0.355330 0.665909 0.025381 0.095455
1 0.412437 0.665909 0.025381 0.095455
1 0.625635 0.670455 0.025381 0.095455
