0 0.244928 0.125566 0.033816 0.124434
0 0.282609 0.132353 0.033816 0.124434
0 0.329952 0.144796 0.035749 0.126697
0 0.239130 0.248869 0.035749 0.126697
0 0.276812 0.260181 0.035749 0.126697
0 0.324155 0.273756 0.035749 0.126697
0 0.240097 0.377828 0.035749 0.126697
0 0.275845 0.382353 0.035749 0.126697
0 0.462319 0.427602 0.035749 0.126697
0 0.235266 0.613122 0.035749 0.126697
0 0.269082 0.622172 0.035749 0.126697
0 0.302899 0.624434 0.035749 0.126697
0 0.505797 0.662896 0.035749 0.126697
0 0.536715 0.667421 0.035749 0.126697
1 0.404831 0.168552 0.025121 0.115385
1 0.434783 0.297511 0.025121 0.115385
1 0.338164 0.623303 0.025121 0.115385
1 0.373913 0.640271 0.027053 0.131222
1 0.428019 0.642534 0.027053 0.131222
1 0.605797 0.671946 0.027053 0.131222
