0 0.196833 0.249333 0.046757 0.098667
0 0.234540 0.249333 0.046757 0.098667
0 0.288839 0.249333 0.046757 0.098667
0 0.195324 0.350667 0.046757 0.098667
0 0.236048 0.350667 0.046757 0.098667
0 0.288839 0.356000 0.046757 0.098667
0 0.192308 0.452000 0.046757 0.098667
0 0.237557 0.457333 0.046757 0.098667
0 0.447210 0.470667 0.046757 0.098667
0 0.193816 0.662667 0.046757 0.098667
0 0.234540 0.662667 0.046757 0.098667
0 0.273756 0.665333 0.046757 0.098667
0 0.516591 0.678667 0.046757 0.098667
0 0.554299 0.681333 0.046757 0.098667
