0 0.189655 0.272346 0.044335 0.097765
0 0.232348 0.269553 0.044335 0.097765
0 0.289819 0.258380 0.044335 0.097765
0 0.191297 0.375698 0.044335 0.097765
0 0.230706 0.370112 0.044335 0.097765
0 0.192939 0.479050 0.044335 0.097765
0 0.232348 0.476257 0.044335 0.097765
0 0.452381 0.456704 0.044335 0.097765
0 0.194581 0.682961 0.044335 0.097765
0 0.235632 0.680168 0.044335 0.097765
0 0.279967 0.680168 0.044335 0.097765
0 0.524631 0.657821 0.044335 0.097765
0 0.565681 0.652235 0.044335 0.097765
1 0.376026 0.258380 0.032841 0.103352
1 0.418719 0.356145 0.032841 0.103352
1 0.326765 0.677374 0.032841 0.103352
1 0.366174 0.671788 0.032841 0.103352
1 0.425287 0.660615 0.032841 0.103352
1 0.648604 0.646648 0.032841 0.103352
