0 0.190616 0.214481 0.041056 0.101093
0 0.230205 0.214481 0.041056 0.101093
0 0.285924 0.219945 0.041056 0.101093
0 0.190616 0.321038 0.041056 0.101093
0 0.231672 0.326503 0.041056 0.101093
0 0.281525 0.326503 0.041056 0.101093
0 0.192082 0.438525 0.041056 0.101093
0 0.233138 0.433060 0.041056 0.101093
0 0.447214 0.438525 0.041056 0.101093
0 0.192082 0.646175 0.041056 0.101093
0 0.233138 0.659836 0.041056 0.101093
0 0.277126 0.658470 0.046921 0.103825
0 0.516129 0.659836 0.041056 0.106557
0 0.555718 0.665301 0.041056 0.106557
1 0.369501 0.213115 0.029326 0.109290
1 0.409091 0.325137 0.029326 0.109290
1 0.318182 0.655738 0.029326 0.109290
1 0.356305 0.658470 0.029326 0.109290
1 0.414956 0.655738 0.029326 0.109290
1 0.642229 0.658470 0.029326 0.109290
