0 0.185157 0.294118 0.040480 0.106443
0 0.225637 0.288515 0.040480 0.106443
0 0.276612 0.285714 0.040480 0.106443
0 0.185157 0.394958 0.040480 0.106443
0 0.224138 0.394958 0.040480 0.106443
0 0.275112 0.394958 0.040480 0.106443
0 0.185157 0.501401 0.040480 0.106443
0 0.227136 0.498599 0.040480 0.106443
0 0.431034 0.492997 0.040480 0.106443
0 0.185157 0.711485 0.040480 0.106443
0 0.225637 0.711485 0.040480 0.106443
0 0.261619 0.708683 0.040480 0.106443
0 0.494003 0.697479 0.040480 0.106443
0 0.528486 0.686275 0.040480 0.106443
1 0.359820 0.285714 0.023988 0.100840
1 0.398801 0.392157 0.023988 0.100840
1 0.305847 0.711485 0.023988 0.100840
1 0.343328 0.705882 0.023988 0.100840
1 0.401799 0.708683 0.023988 0.100840
1 0.607196 0.680672 0.023988 0.100840
