0 0.208696 0.254902 0.046377 0.106443
0 0.248551 0.252101 0.036232 0.112045
0 0.299275 0.257703 0.036232 0.112045
0 0.213768 0.358543 0.036232 0.112045
0 0.251449 0.364146 0.036232 0.112045
0 0.303623 0.361345 0.036232 0.112045
0 0.215217 0.470588 0.036232 0.112045
0 0.254348 0.470588 0.036232 0.112045
0 0.455797 0.462185 0.036232 0.112045
0 0.221014 0.686275 0.036232 0.112045
0 0.260145 0.686275 0.036232 0.112045
0 0.297826 0.686275 0.036232 0.112045
0 0.526812 0.672269 0.036232 0.112045
0 0.563043 0.677871 0.036232 0.112045
1 0.381884 0.249300 0.024638 0.106443
1 0.421014 0.355742 0.024638 0.106443
1 0.339855 0.686275 0.024638 0.106443
1 0.371739 0.675070 0.024638 0.106443
1 0.429710 0.675070 0.024638 0.106443
1 0.645652 0.669468 0.024638 0.106443
