0 0.201627 0.260000 0.045208 0.101538
0 0.241410 0.263077 0.045208 0.101538
0 0.290235 0.263077 0.045208 0.101538
0 0.198011 0.364615 0.045208 0.101538
0 0.241410 0.364615 0.045208 0.101538
0 0.293852 0.370769 0.045208 0.101538
0 0.199819 0.466154 0.045208 0.101538
0 0.243219 0.472308 0.045208 0.101538
0 0.452984 0.469231 0.045208 0.101538
0 0.199819 0.663077 0.045208 0.101538
0 0.245027 0.669231 0.045208 0.101538
0 0.286618 0.663077 0.045208 0.101538
0 0.516275 0.672308 0.045208 0.101538
0 0.556058 0.675385 0.045208 0.101538
1 0.379747 0.267692 0.028933 0.104615
1 0.417722 0.375385 0.028933 0.104615
1 0.365280 0.661538 0.028933 0.104615
1 0.325497 0.661538 0.028933 0.104615
1 0.421338 0.670769 0.028933 0.104615
1 0.636528 0.680000 0.028933 0.104615
