0 0.205335 0.262125 0.043424 0.099307
0 0.248759 0.259815 0.043424 0.099307
0 0.292184 0.262125 0.043424 0.099307
0 0.205335 0.366051 0.043424 0.099307
0 0.250000 0.370670 0.043424 0.099307
0 0.295906 0.370670 0.043424 0.099307
0 0.206576 0.474596 0.043424 0.099307
0 0.251241 0.476905 0.043424 0.099307
0 0.454715 0.469977 0.043424 0.099307
0 0.215261 0.680139 0.043424 0.099307
0 0.253722 0.680139 0.043424 0.099307
0 0.298387 0.682448 0.043424 0.099307
0 0.522953 0.689376 0.043424 0.099307
0 0.562655 0.687067 0.043424 0.099307
