0 0.196051 0.269821 0.036671 0.104859
0 0.236953 0.269821 0.036671 0.104859
0 0.289140 0.269821 0.036671 0.104859
0 0.194640 0.374680 0.036671 0.104859
0 0.235543 0.379795 0.036671 0.104859
0 0.287729 0.372123 0.036671 0.104859
0 0.196756 0.478261 0.040903 0.102302
0 0.234838 0.478261 0.040903 0.102302
0 0.447814 0.485934 0.040903 0.102302
0 0.192525 0.685422 0.040903 0.102302
0 0.236248 0.687980 0.040903 0.102302
0 0.278561 0.693095 0.040903 0.102302
0 0.512694 0.693095 0.040903 0.102302
0 0.550776 0.695652 0.040903 0.102302
