0 0.210305 0.291978 0.046267 0.095149
0 0.252366 0.295709 0.046267 0.095149
0 0.304942 0.297575 0.046267 0.095149
0 0.208202 0.398321 0.046267 0.095149
0 0.253417 0.396455 0.046267 0.095149
0 0.304942 0.398321 0.046267 0.095149
0 0.210305 0.500933 0.046267 0.095149
0 0.255521 0.500933 0.046267 0.095149
0 0.213460 0.693097 0.046267 0.095149
0 0.253417 0.693097 0.046267 0.095149
0 0.295478 0.693097 0.046267 0.095149
0 0.523659 0.696828 0.046267 0.095149
0 0.561514 0.693097 0.046267 0.095149
0 0.465825 0.506530 0.042061 0.095149
