0 0.192432 0.248529 0.040258 0.102941
0 0.232689 0.242647 0.040258 0.102941
0 0.289050 0.245588 0.040258 0.102941
0 0.192432 0.360294 0.040258 0.102941
0 0.235105 0.355882 0.048309 0.105882
0 0.288245 0.355882 0.048309 0.105882
0 0.190016 0.473529 0.048309 0.105882
0 0.454911 0.458824 0.043478 0.100000
0 0.237520 0.473529 0.043478 0.100000
0 0.190821 0.694118 0.043478 0.100000
0 0.234300 0.697059 0.043478 0.100000
0 0.274557 0.691176 0.043478 0.100000
0 0.524155 0.673529 0.043478 0.100000
0 0.562802 0.673529 0.043478 0.100000
