0 0.206338 0.260982 0.046479 0.103359
0 0.250000 0.266150 0.046479 0.103359
0 0.300704 0.268734 0.046479 0.103359
0 0.206338 0.377261 0.046479 0.103359
0 0.250000 0.379845 0.046479 0.103359
0 0.299296 0.377261 0.046479 0.103359
0 0.202113 0.493540 0.046479 0.103359
0 0.248592 0.488372 0.046479 0.103359
0 0.465493 0.490956 0.046479 0.103359
0 0.204930 0.713178 0.046479 0.103359
0 0.242958 0.713178 0.046479 0.103359
0 0.286620 0.708010 0.046479 0.103359
0 0.530282 0.713178 0.046479 0.103359
0 0.575352 0.713178 0.046479 0.103359
