0 0.206107 0.275140 0.042748 0.097765
0 0.248855 0.266760 0.042748 0.097765
0 0.299237 0.266760 0.042748 0.097765
0 0.209160 0.381285 0.042748 0.097765
0 0.247328 0.375698 0.042748 0.097765
0 0.300763 0.370112 0.042748 0.097765
0 0.209160 0.490223 0.042748 0.097765
0 0.251908 0.479050 0.042748 0.097765
0 0.464122 0.459497 0.042748 0.097765
0 0.213740 0.696927 0.042748 0.097765
0 0.253435 0.691341 0.042748 0.097765
0 0.293130 0.682961 0.042748 0.097765
0 0.532824 0.657821 0.042748 0.097765
0 0.570229 0.650838 0.041221 0.106145
1 0.383206 0.262570 0.030534 0.094972
1 0.425954 0.357542 0.030534 0.094972
1 0.341221 0.685754 0.032061 0.114525
1 0.383206 0.678771 0.030534 0.111732
1 0.435115 0.667598 0.030534 0.111732
1 0.645802 0.645251 0.030534 0.111732
