0 0.189711 0.324561 0.038585 0.105263
0 0.229904 0.324561 0.038585 0.105263
0 0.282958 0.318713 0.038585 0.105263
0 0.192926 0.432749 0.038585 0.105263
0 0.233119 0.426901 0.038585 0.105263
0 0.286174 0.423977 0.038585 0.105263
0 0.200965 0.529240 0.038585 0.105263
0 0.239550 0.529240 0.038585 0.105263
0 0.445338 0.508772 0.038585 0.105263
0 0.200965 0.742690 0.038585 0.105263
0 0.242765 0.736842 0.038585 0.105263
0 0.282958 0.736842 0.038585 0.105263
0 0.517685 0.704678 0.038585 0.105263
0 0.557878 0.698830 0.038585 0.105263
1 0.364148 0.308480 0.033762 0.108187
1 0.407556 0.402047 0.033762 0.108187
1 0.327170 0.732456 0.033762 0.108187
1 0.360932 0.729532 0.033762 0.108187
1 0.420418 0.729532 0.033762 0.108187
1 0.631029 0.691520 0.033762 0.108187
