0 0.209559 0.280088 0.041667 0.105033
0 0.248775 0.280088 0.041667 0.105033
0 0.301471 0.277899 0.041667 0.105033
0 0.212010 0.380744 0.041667 0.105033
0 0.251225 0.378556 0.041667 0.105033
0 0.300245 0.374179 0.041667 0.105033
0 0.209559 0.481400 0.041667 0.105033
0 0.253676 0.481400 0.041667 0.105033
0 0.454657 0.485777 0.041667 0.105033
0 0.212010 0.676149 0.041667 0.105033
0 0.253676 0.678337 0.041667 0.105033
0 0.295343 0.682713 0.041667 0.105033
0 0.524510 0.682713 0.041667 0.105033
0 0.563725 0.684902 0.041667 0.105033
1 0.380515 0.280088 0.023284 0.105033
1 0.418505 0.367615 0.023284 0.105033
1 0.337623 0.680525 0.023284 0.105033
1 0.370711 0.682713 0.023284 0.105033
1 0.428309 0.680525 0.023284 0.105033
1 0.642770 0.687090 0.023284 0.105033
