0 0.197208 0.269939 0.041885 0.104294
0 0.237347 0.266871 0.041885 0.104294
0 0.286213 0.273006 0.041885 0.104294
0 0.198953 0.374233 0.041885 0.104294
0 0.237347 0.377301 0.041885 0.104294
0 0.284468 0.380368 0.041885 0.104294
0 0.198953 0.481595 0.041885 0.104294
0 0.239092 0.484663 0.041885 0.104294
0 0.448517 0.484663 0.041885 0.104294
0 0.198953 0.677914 0.041885 0.104294
0 0.240838 0.680982 0.041885 0.104294
0 0.280977 0.684049 0.041885 0.104294
0 0.513089 0.690184 0.041885 0.104294
0 0.554974 0.693252 0.041885 0.104294
