0 0.220745 0.273183 0.039894 0.100251
0 0.257979 0.278195 0.039894 0.100251
0 0.309840 0.268170 0.039894 0.100251
0 0.220745 0.383459 0.039894 0.100251
0 0.259309 0.378446 0.039894 0.100251
0 0.309840 0.380952 0.039894 0.100251
0 0.226729 0.492481 0.046543 0.102757
0 0.263963 0.488722 0.035904 0.095238
0 0.228059 0.699248 0.038564 0.105263
0 0.266622 0.696742 0.038564 0.105263
0 0.305186 0.699248 0.038564 0.105263
0 0.537899 0.689223 0.038564 0.105263
0 0.576463 0.689223 0.038564 0.105263
0 0.464761 0.476190 0.038564 0.105263
