0 0.203212 0.249392 0.040503 0.094891
0 0.242318 0.251825 0.040503 0.094891
0 0.300978 0.254258 0.040503 0.094891
0 0.201816 0.361314 0.040503 0.094891
0 0.243715 0.354015 0.040503 0.094891
0 0.298184 0.361314 0.040503 0.094891
0 0.200419 0.458637 0.040503 0.094891
0 0.242318 0.461071 0.040503 0.094891
0 0.458799 0.468370 0.040503 0.094891
0 0.197626 0.667883 0.040503 0.094891
0 0.240922 0.670316 0.040503 0.094891
0 0.281425 0.667883 0.040503 0.094891
0 0.525838 0.670316 0.040503 0.094891
0 0.566341 0.667883 0.040503 0.094891
1 0.384078 0.254258 0.025140 0.094891
1 0.424581 0.361314 0.025140 0.094891
1 0.328911 0.663017 0.026536 0.109489
1 0.363827 0.665450 0.026536 0.109489
1 0.425279 0.665450 0.026536 0.109489
1 0.645950 0.664234 0.026536 0.097324
