0 0.196488 0.213376 0.041806 0.101911
0 0.239967 0.213376 0.041806 0.101911
0 0.286789 0.210191 0.041806 0.101911
0 0.198161 0.324841 0.041806 0.101911
0 0.236622 0.328025 0.041806 0.101911
0 0.288462 0.331210 0.041806 0.101911
0 0.196488 0.429936 0.041806 0.101911
0 0.238294 0.439490 0.041806 0.101911
0 0.447324 0.433121 0.041806 0.101911
0 0.198161 0.656051 0.041806 0.101911
0 0.239967 0.656051 0.041806 0.101911
0 0.280100 0.662420 0.041806 0.101911
0 0.517559 0.656051 0.041806 0.101911
0 0.557692 0.662420 0.041806 0.101911
1 0.371237 0.213376 0.026756 0.108280
1 0.638796 0.662420 0.026756 0.108280
1 0.322742 0.656051 0.026756 0.108280
1 0.362876 0.659236 0.026756 0.108280
1 0.418060 0.652866 0.026756 0.108280
1 0.411371 0.318471 0.026756 0.108280
