0 0.230942 0.299213 0.043348 0.094488
0 0.271300 0.299213 0.043348 0.094488
0 0.320628 0.296588 0.043348 0.094488
0 0.229447 0.396325 0.043348 0.094488
0 0.268311 0.396325 0.043348 0.094488
0 0.319133 0.396325 0.043348 0.094488
0 0.229447 0.493438 0.043348 0.094488
0 0.268311 0.493438 0.043348 0.094488
0 0.470105 0.490814 0.043348 0.094488
0 0.227952 0.698163 0.043348 0.094488
0 0.268311 0.698163 0.043348 0.094488
0 0.305680 0.698163 0.043348 0.094488
0 0.535874 0.679790 0.043348 0.094488
0 0.571749 0.674541 0.043348 0.094488
1 0.402840 0.287402 0.025411 0.091864
1 0.440209 0.389764 0.025411 0.091864
1 0.348281 0.694226 0.026906 0.107612
1 0.384155 0.694226 0.026906 0.107612
1 0.446936 0.691601 0.026906 0.107612
1 0.651719 0.670604 0.026906 0.107612
