0 0.196588 0.286667 0.040059 0.104000
0 0.236647 0.284000 0.040059 0.104000
0 0.284125 0.278667 0.040059 0.104000
0 0.198071 0.382667 0.040059 0.104000
0 0.236647 0.382667 0.040059 0.104000
0 0.290059 0.377333 0.040059 0.104000
0 0.199555 0.489333 0.040059 0.104000
0 0.241098 0.486667 0.040059 0.104000
0 0.441395 0.470667 0.040059 0.104000
0 0.206973 0.681333 0.040059 0.104000
0 0.247033 0.681333 0.040059 0.104000
0 0.282641 0.678667 0.040059 0.104000
0 0.511128 0.660000 0.040059 0.104000
0 0.545252 0.654667 0.040059 0.104000
1 0.366469 0.272000 0.029674 0.096000
1 0.406528 0.362667 0.029674 0.096000
1 0.326409 0.672000 0.029674 0.096000
1 0.366469 0.669333 0.029674 0.096000
1 0.424332 0.664000 0.029674 0.096000
1 0.624629 0.650667 0.029674 0.096000
