0 0.199315 0.265403 0.042466 0.104265
0 0.236301 0.270142 0.042466 0.104265
0 0.289726 0.272512 0.042466 0.104265
0 0.196575 0.367299 0.042466 0.104265
0 0.236301 0.372038 0.042466 0.104265
0 0.288356 0.374408 0.042466 0.104265
0 0.195205 0.464455 0.042466 0.104265
0 0.234932 0.473934 0.042466 0.104265
0 0.448630 0.476303 0.042466 0.104265
0 0.194521 0.675355 0.043836 0.094787
0 0.232877 0.677725 0.043836 0.094787
0 0.273973 0.677725 0.043836 0.094787
0 0.510959 0.675355 0.043836 0.094787
0 0.550685 0.675355 0.043836 0.094787
1 0.377397 0.271327 0.023288 0.092417
1 0.417123 0.373223 0.023288 0.092417
1 0.318493 0.674171 0.023288 0.092417
1 0.356849 0.676540 0.023288 0.092417
1 0.415753 0.676540 0.023288 0.092417
1 0.634932 0.674171 0.023288 0.092417
