0 0.212921 0.270588 0.039326 0.098039
0 0.250000 0.280392 0.039326 0.098039
0 0.305056 0.288235 0.039326 0.098039
0 0.212921 0.366667 0.039326 0.098039
0 0.251124 0.370588 0.039326 0.098039
0 0.303933 0.384314 0.039326 0.098039
0 0.212921 0.470588 0.039326 0.098039
0 0.248876 0.472549 0.039326 0.098039
0 0.452247 0.498039 0.039326 0.098039
0 0.210674 0.652941 0.039326 0.098039
0 0.252247 0.664706 0.039326 0.098039
0 0.285955 0.670588 0.039326 0.098039
0 0.512921 0.692157 0.039326 0.098039
0 0.547753 0.698039 0.039326 0.098039
1 0.386517 0.292157 0.024719 0.094118
1 0.423596 0.396078 0.024719 0.094118
1 0.328090 0.666667 0.024719 0.094118
1 0.365169 0.676471 0.024719 0.094118
1 0.420225 0.680392 0.024719 0.094118
1 0.622472 0.703922 0.024719 0.094118
