0 0.203581 0.270686 0.043767 0.096927
0 0.244695 0.273050 0.043767 0.096927
0 0.292440 0.270686 0.043767 0.096927
0 0.202255 0.369976 0.043767 0.096927
0 0.247347 0.372340 0.043767 0.096927
0 0.291114 0.372340 0.043767 0.096927
0 0.202255 0.466903 0.043767 0.096927
0 0.246021 0.469267 0.043767 0.096927
0 0.442308 0.462175 0.043767 0.096927
0 0.206233 0.660757 0.043767 0.096927
0 0.244695 0.663121 0.043767 0.096927
0 0.285809 0.658392 0.043767 0.096927
0 0.508621 0.658392 0.043767 0.096927
0 0.544430 0.656028 0.043767 0.096927
1 0.369363 0.268322 0.027851 0.092199
1 0.409151 0.365248 0.027851 0.092199
1 0.325597 0.663121 0.027851 0.092199
1 0.361406 0.663121 0.027851 0.092199
1 0.417109 0.658392 0.027851 0.092199
1 0.625332 0.656028 0.027851 0.092199
