0 0.205842 0.291768 0.039402 0.104116
0 0.243886 0.296610 0.039402 0.104116
0 0.296875 0.299031 0.039402 0.104116
0 0.203125 0.393462 0.039402 0.104116
0 0.243886 0.400726 0.039402 0.104116
0 0.298234 0.400726 0.039402 0.104116
0 0.204484 0.502421 0.039402 0.104116
0 0.245245 0.502421 0.039402 0.104116
0 0.451766 0.509685 0.039402 0.104116
0 0.201766 0.710654 0.039402 0.104116
0 0.242527 0.705811 0.039402 0.104116
0 0.280571 0.708232 0.039402 0.104116
0 0.521060 0.708232 0.039402 0.104116
0 0.556386 0.710654 0.039402 0.104116
