0 0.196078 0.254617 0.039216 0.102902
0 0.233894 0.249340 0.039216 0.102902
0 0.281513 0.244063 0.039216 0.102902
0 0.197479 0.352243 0.039216 0.102902
0 0.238095 0.349604 0.039216 0.102902
0 0.280112 0.349604 0.039216 0.102902
0 0.197479 0.455145 0.039216 0.102902
0 0.432773 0.441953 0.039216 0.102902
0 0.242297 0.447230 0.039216 0.102902
0 0.210084 0.650396 0.039216 0.102902
0 0.247899 0.653034 0.039216 0.102902
0 0.282913 0.645119 0.039216 0.102902
0 0.498599 0.629288 0.039216 0.102902
0 0.539216 0.629288 0.039216 0.102902
1 0.359244 0.240106 0.023810 0.094987
1 0.399860 0.343008 0.023810 0.094987
1 0.322829 0.638522 0.023810 0.094987
1 0.359244 0.641161 0.023810 0.094987
1 0.411064 0.638522 0.023810 0.094987
1 0.609944 0.633245 0.023810 0.094987
