0 0.208609 0.254438 0.039735 0.112426
0 0.246689 0.251479 0.039735 0.112426
0 0.299669 0.257396 0.039735 0.112426
0 0.211921 0.363905 0.039735 0.112426
0 0.250000 0.360947 0.039735 0.112426
0 0.299669 0.360947 0.039735 0.112426
0 0.211921 0.464497 0.039735 0.112426
0 0.248344 0.470414 0.039735 0.112426
0 0.453642 0.464497 0.039735 0.112426
0 0.213576 0.665680 0.039735 0.112426
0 0.256623 0.665680 0.039735 0.112426
0 0.296358 0.668639 0.039735 0.112426
0 0.524834 0.671598 0.039735 0.112426
0 0.567881 0.674556 0.039735 0.112426
