0 0.216238 0.294118 0.040193 0.105263
0 0.256431 0.291022 0.040193 0.105263
0 0.306270 0.294118 0.040193 0.105263
0 0.219453 0.402477 0.040193 0.105263
0 0.258039 0.402477 0.040193 0.105263
0 0.309486 0.402477 0.040193 0.105263
0 0.221061 0.517028 0.040193 0.105263
0 0.261254 0.517028 0.040193 0.105263
0 0.467042 0.501548 0.040193 0.105263
0 0.227492 0.730650 0.040193 0.105263
0 0.267685 0.727554 0.040193 0.105263
0 0.304662 0.727554 0.040193 0.105263
0 0.539389 0.705882 0.040193 0.105263
0 0.579582 0.712074 0.040193 0.105263
1 0.389068 0.280186 0.025723 0.114551
1 0.429260 0.385449 0.025723 0.114551
1 0.345659 0.716718 0.025723 0.114551
1 0.385852 0.722910 0.025723 0.114551
1 0.655949 0.707430 0.025723 0.114551
1 0.440514 0.722910 0.025723 0.114551
