0 0.209380 0.258621 0.040201 0.091954
0 0.249581 0.255747 0.040201 0.091954
0 0.296482 0.261494 0.040201 0.091954
0 0.211055 0.356322 0.040201 0.091954
0 0.249581 0.359195 0.040201 0.091954
0 0.298157 0.356322 0.040201 0.091954
0 0.212730 0.454023 0.040201 0.091954
0 0.249581 0.456897 0.040201 0.091954
0 0.453936 0.459770 0.040201 0.091954
0 0.214405 0.643678 0.040201 0.091954
0 0.256281 0.658046 0.040201 0.091954
0 0.296482 0.655172 0.040201 0.091954
0 0.530988 0.655172 0.040201 0.091954
0 0.569514 0.655172 0.040201 0.091954
1 0.377722 0.258621 0.031826 0.097701
1 0.414573 0.356322 0.031826 0.097701
1 0.332496 0.655172 0.031826 0.097701
1 0.364322 0.660920 0.031826 0.097701
1 0.426298 0.652299 0.031826 0.097701
1 0.650754 0.658046 0.031826 0.097701
