0 0.211987 0.267176 0.037736 0.091603
0 0.247503 0.265267 0.037736 0.091603
0 0.297447 0.270992 0.037736 0.091603
0 0.213097 0.356870 0.037736 0.091603
0 0.250832 0.360687 0.037736 0.091603
0 0.295228 0.362595 0.037736 0.091603
0 0.214206 0.458015 0.037736 0.091603
0 0.249723 0.456107 0.037736 0.091603
0 0.445061 0.469466 0.037736 0.091603
0 0.216426 0.643130 0.037736 0.091603
0 0.253052 0.648855 0.037736 0.091603
0 0.288568 0.645038 0.037736 0.091603
0 0.508324 0.656489 0.037736 0.091603
0 0.548280 0.658397 0.037736 0.091603
1 0.375139 0.267176 0.028857 0.095420
1 0.416204 0.370229 0.028857 0.095420
1 0.329634 0.637405 0.028857 0.095420
1 0.365150 0.646947 0.028857 0.095420
1 0.417314 0.652672 0.028857 0.095420
1 0.630411 0.664122 0.028857 0.095420
