0 0.205321 0.274942 0.042292 0.085847
0 0.244884 0.274942 0.042292 0.085847
0 0.299454 0.274942 0.042292 0.085847
0 0.201228 0.372390 0.042292 0.085847
0 0.246248 0.372390 0.042292 0.085847
0 0.295362 0.374710 0.042292 0.085847
0 0.202592 0.467517 0.042292 0.085847
0 0.240791 0.467517 0.042292 0.085847
0 0.450887 0.476798 0.042292 0.085847
0 0.199864 0.669374 0.042292 0.085847
0 0.242156 0.667053 0.042292 0.085847
0 0.285812 0.671694 0.042292 0.085847
0 0.513643 0.667053 0.042292 0.085847
0 0.553206 0.671694 0.042292 0.085847
1 0.380628 0.278422 0.027285 0.097448
1 0.418827 0.380510 0.027285 0.097448
1 0.321965 0.670534 0.027285 0.097448
1 0.362892 0.670534 0.027285 0.097448
1 0.427012 0.668213 0.027285 0.097448
1 0.628922 0.668213 0.027285 0.097448
