0 0.203412 0.242574 0.036745 0.094059
0 0.241470 0.245050 0.036745 0.094059
0 0.293963 0.240099 0.036745 0.094059
0 0.206037 0.349010 0.036745 0.094059
0 0.242782 0.349010 0.036745 0.094059
0 0.296588 0.346535 0.036745 0.094059
0 0.206037 0.450495 0.036745 0.094059
0 0.246063 0.461634 0.038058 0.101485
0 0.453412 0.456683 0.038058 0.101485
0 0.209318 0.674505 0.038058 0.101485
0 0.247375 0.674505 0.038058 0.101485
0 0.289370 0.674505 0.038058 0.101485
0 0.524278 0.667079 0.038058 0.101485
0 0.562336 0.669554 0.038058 0.101485
1 0.381890 0.243812 0.026247 0.111386
1 0.418635 0.345297 0.026247 0.111386
1 0.329396 0.672030 0.026247 0.111386
1 0.371391 0.672030 0.026247 0.111386
1 0.429790 0.669554 0.032808 0.111386
1 0.646325 0.662129 0.032808 0.111386
