0 0.190382 0.261848 0.040843 0.097156
0 0.225955 0.266588 0.040843 0.097156
0 0.279974 0.266588 0.040843 0.097156
0 0.189065 0.368483 0.040843 0.097156
0 0.228590 0.366114 0.040843 0.097156
0 0.279974 0.366114 0.040843 0.097156
0 0.189065 0.468009 0.040843 0.097156
0 0.227273 0.468009 0.040843 0.097156
0 0.430171 0.468009 0.040843 0.097156
0 0.187747 0.667062 0.040843 0.097156
0 0.228590 0.671801 0.040843 0.097156
0 0.264163 0.671801 0.040843 0.097156
0 0.492095 0.667062 0.040843 0.097156
0 0.528986 0.664692 0.040843 0.097156
1 0.361660 0.267773 0.022398 0.104265
1 0.398551 0.362559 0.022398 0.104265
1 0.306324 0.668246 0.022398 0.104265
1 0.340580 0.670616 0.022398 0.104265
1 0.397233 0.663507 0.022398 0.104265
1 0.606719 0.665877 0.025033 0.099526
