0 0.209827 0.244444 0.039841 0.093827
0 0.247012 0.244444 0.039841 0.093827
0 0.298805 0.244444 0.039841 0.093827
0 0.211155 0.353086 0.039841 0.093827
0 0.252324 0.348148 0.039841 0.093827
0 0.300133 0.348148 0.039841 0.093827
0 0.212483 0.446914 0.039841 0.093827
0 0.252324 0.454321 0.039841 0.093827
0 0.455511 0.451852 0.039841 0.093827
0 0.220452 0.659259 0.039841 0.093827
0 0.258964 0.654321 0.039841 0.093827
0 0.297477 0.654321 0.039841 0.093827
0 0.523240 0.651852 0.039841 0.093827
0 0.563081 0.651852 0.039841 0.093827
