0 0.208520 0.285507 0.040359 0.113043
0 0.250374 0.282609 0.040359 0.113043
0 0.302691 0.276812 0.040359 0.113043
0 0.214499 0.395652 0.040359 0.113043
0 0.253363 0.395652 0.040359 0.113043
0 0.305680 0.395652 0.040359 0.113043
0 0.217489 0.511594 0.040359 0.113043
0 0.256353 0.508696 0.040359 0.113043
0 0.464126 0.482609 0.040359 0.113043
0 0.223468 0.723188 0.040359 0.113043
0 0.260837 0.720290 0.040359 0.113043
0 0.301196 0.723188 0.040359 0.113043
0 0.532885 0.694203 0.040359 0.113043
0 0.570254 0.691304 0.040359 0.113043
1 0.387145 0.268116 0.026906 0.107246
1 0.426009 0.366667 0.026906 0.107246
1 0.343797 0.714493 0.026906 0.107246
1 0.381166 0.705797 0.026906 0.107246
1 0.439462 0.708696 0.026906 0.107246
1 0.647235 0.679710 0.026906 0.107246
