0 0.196165 0.241814 0.038348 0.085642
0 0.235988 0.244332 0.038348 0.085642
0 0.284661 0.244332 0.038348 0.085642
0 0.196165 0.337531 0.038348 0.085642
0 0.234513 0.340050 0.038348 0.085642
0 0.284661 0.345088 0.038348 0.085642
0 0.196165 0.438287 0.038348 0.085642
0 0.233038 0.438287 0.038348 0.085642
0 0.439528 0.450882 0.038348 0.085642
0 0.194690 0.632242 0.038348 0.085642
0 0.233038 0.629723 0.038348 0.085642
0 0.271386 0.634761 0.038348 0.085642
0 0.507375 0.647355 0.038348 0.085642
0 0.545723 0.652393 0.038348 0.085642
1 0.366519 0.246851 0.028024 0.100756
1 0.409292 0.342569 0.028024 0.100756
1 0.314897 0.634761 0.028024 0.100756
1 0.351770 0.637280 0.028024 0.100756
1 0.415192 0.644836 0.028024 0.100756
1 0.630531 0.649874 0.028024 0.100756
