0 0.202847 0.262463 0.039146 0.096774
0 0.241993 0.262463 0.039146 0.096774
0 0.295374 0.265396 0.039146 0.096774
0 0.202847 0.359238 0.039146 0.096774
0 0.241993 0.362170 0.039146 0.096774
0 0.295374 0.368035 0.039146 0.096774
0 0.202847 0.456012 0.039146 0.096774
0 0.243772 0.456012 0.039146 0.096774
0 0.448399 0.464809 0.039146 0.096774
0 0.202847 0.640762 0.039146 0.096774
0 0.243772 0.643695 0.039146 0.096774
0 0.281139 0.646628 0.039146 0.096774
0 0.516014 0.652493 0.039146 0.096774
0 0.551601 0.652493 0.039146 0.096774
1 0.378114 0.268328 0.026690 0.096774
1 0.417260 0.368035 0.026690 0.096774
1 0.322954 0.646628 0.026690 0.096774
1 0.362100 0.652493 0.026690 0.096774
1 0.420819 0.649560 0.026690 0.096774
1 0.634342 0.655425 0.026690 0.096774
