0 0.216958 0.282910 0.042394 0.099307
0 0.255611 0.282910 0.042394 0.099307
0 0.305486 0.271363 0.042394 0.099307
0 0.216958 0.379908 0.042394 0.099307
0 0.260599 0.379908 0.042394 0.099307
0 0.304239 0.379908 0.042394 0.099307
0 0.221945 0.472286 0.042394 0.099307
0 0.263092 0.479215 0.042394 0.099307
0 0.453865 0.467667 0.042394 0.099307
0 0.229426 0.677829 0.042394 0.099307
0 0.260599 0.670901 0.042394 0.099307
0 0.304239 0.673210 0.042394 0.099307
0 0.519950 0.661663 0.042394 0.099307
0 0.559850 0.661663 0.042394 0.099307
1 0.377805 0.274827 0.024938 0.101617
1 0.421446 0.371824 0.024938 0.101617
1 0.344140 0.672055 0.024938 0.101617
1 0.372818 0.674365 0.024938 0.101617
1 0.432668 0.667436 0.024938 0.101617
1 0.639651 0.660508 0.024938 0.101617
