0 0.211470 0.266807 0.040621 0.096639
0 0.249701 0.266807 0.040621 0.096639
0 0.293907 0.268908 0.040621 0.096639
0 0.209080 0.363445 0.040621 0.096639
0 0.252091 0.363445 0.040621 0.096639
0 0.296296 0.363445 0.040621 0.096639
0 0.211470 0.460084 0.040621 0.096639
0 0.249701 0.466387 0.040621 0.096639
0 0.442055 0.464286 0.040621 0.096639
0 0.211470 0.649160 0.040621 0.096639
0 0.252091 0.647059 0.040621 0.096639
0 0.290323 0.651261 0.040621 0.096639
0 0.508961 0.655462 0.040621 0.096639
0 0.545998 0.653361 0.040621 0.096639
1 0.371565 0.272059 0.026284 0.094538
1 0.412186 0.360294 0.026284 0.094538
1 0.329749 0.650210 0.026284 0.094538
1 0.360812 0.654412 0.026284 0.094538
1 0.419355 0.652311 0.026284 0.094538
1 0.627240 0.652311 0.026284 0.094538
