0 0.217507 0.280045 0.039788 0.088435
0 0.253316 0.277778 0.039788 0.088435
0 0.307692 0.277778 0.039788 0.088435
0 0.214854 0.371882 0.045093 0.095238
0 0.254642 0.378685 0.045093 0.095238
0 0.302387 0.383220 0.045093 0.095238
0 0.213528 0.467120 0.045093 0.095238
0 0.251989 0.473923 0.045093 0.095238
0 0.456233 0.492063 0.045093 0.095238
0 0.214854 0.655329 0.045093 0.095238
0 0.251989 0.659864 0.045093 0.095238
0 0.290451 0.662132 0.045093 0.095238
0 0.522546 0.680272 0.045093 0.095238
0 0.563660 0.682540 0.045093 0.095238
