0 0.202746 0.260526 0.040388 0.089474
0 0.239903 0.257895 0.040388 0.089474
0 0.289984 0.260526 0.040388 0.089474
0 0.201131 0.350000 0.040388 0.089474
0 0.239903 0.352632 0.040388 0.089474
0 0.291599 0.355263 0.040388 0.089474
0 0.204362 0.442105 0.040388 0.089474
0 0.241519 0.442105 0.040388 0.089474
0 0.441842 0.447368 0.040388 0.089474
0 0.205977 0.626316 0.040388 0.089474
0 0.246365 0.626316 0.040388 0.089474
0 0.281906 0.626316 0.040388 0.089474
0 0.511309 0.626316 0.040388 0.089474
0 0.550081 0.631579 0.040388 0.089474
1 0.369144 0.256579 0.024233 0.086842
1 0.406300 0.348684 0.024233 0.086842
1 0.322294 0.619737 0.024233 0.086842
1 0.359451 0.617105 0.024233 0.086842
1 0.417609 0.619737 0.024233 0.086842
1 0.630856 0.625000 0.024233 0.086842
