0 0.197966 0.260294 0.039124 0.097059
0 0.235524 0.257353 0.039124 0.097059
0 0.288732 0.248529 0.039124 0.097059
0 0.199531 0.366176 0.039124 0.097059
0 0.235524 0.360294 0.039124 0.097059
0 0.285603 0.360294 0.039124 0.097059
0 0.202660 0.472059 0.039124 0.097059
0 0.240219 0.463235 0.039124 0.097059
0 0.442097 0.454412 0.039124 0.097059
0 0.205790 0.675000 0.039124 0.097059
0 0.248044 0.669118 0.039124 0.097059
0 0.284038 0.675000 0.039124 0.097059
0 0.515649 0.651471 0.039124 0.097059
0 0.550078 0.651471 0.039124 0.097059
