0 0.199063 0.262677 0.037471 0.103448
0 0.234192 0.256592 0.037471 0.103448
0 0.194379 0.360041 0.037471 0.103448
0 0.236534 0.355984 0.037471 0.103448
0 0.282201 0.358012 0.037471 0.103448
0 0.199063 0.453347 0.037471 0.103448
0 0.235363 0.453347 0.037471 0.103448
0 0.432084 0.453347 0.037471 0.103448
0 0.197892 0.644016 0.037471 0.103448
0 0.237705 0.646045 0.037471 0.103448
0 0.277518 0.648073 0.037471 0.103448
0 0.497658 0.652130 0.037471 0.103448
0 0.536300 0.650101 0.037471 0.103448
1 0.398126 0.362069 0.023419 0.091278
1 0.314988 0.641988 0.023419 0.091278
1 0.348946 0.641988 0.023419 0.091278
1 0.403981 0.646045 0.023419 0.091278
1 0.615925 0.652130 0.023419 0.091278
