0 0.202742 0.281250 0.041847 0.104167
0 0.239538 0.276042 0.040404 0.093750
0 0.291486 0.281250 0.040404 0.093750
0 0.204906 0.385417 0.040404 0.093750
0 0.245310 0.385417 0.040404 0.093750
0 0.292929 0.377604 0.040404 0.093750
0 0.204906 0.489583 0.040404 0.093750
0 0.243867 0.484375 0.040404 0.093750
0 0.451659 0.476562 0.040404 0.093750
0 0.212121 0.684896 0.040404 0.093750
0 0.251082 0.684896 0.040404 0.093750
0 0.288600 0.684896 0.040404 0.093750
0 0.522367 0.671875 0.040404 0.093750
0 0.562771 0.671875 0.040404 0.093750
