0 0.195915 0.296961 0.043873 0.091160
0 0.235250 0.296961 0.043873 0.091160
0 0.288200 0.296961 0.043873 0.091160
0 0.200454 0.407459 0.043873 0.091160
0 0.236762 0.401934 0.043873 0.091160
0 0.289713 0.401934 0.043873 0.091160
0 0.201967 0.506906 0.043873 0.091160
0 0.242814 0.504144 0.043873 0.091160
0 0.442511 0.493094 0.043873 0.091160
0 0.206505 0.714088 0.043873 0.091160
0 0.248865 0.711326 0.043873 0.091160
0 0.288200 0.703039 0.043873 0.091160
0 0.515129 0.683702 0.043873 0.091160
0 0.551437 0.680939 0.043873 0.091160
