0 0.210734 0.277320 0.048588 0.121649
0 0.249153 0.279381 0.048588 0.121649
0 0.302260 0.277320 0.048588 0.121649
0 0.210169 0.379381 0.045198 0.107216
0 0.247458 0.387629 0.045198 0.107216
0 0.302825 0.385567 0.045198 0.107216
0 0.210169 0.488660 0.045198 0.107216
0 0.251977 0.494845 0.045198 0.107216
0 0.457627 0.490722 0.045198 0.107216
0 0.210169 0.690722 0.045198 0.107216
0 0.246893 0.696907 0.032768 0.115464
0 0.286441 0.690722 0.039548 0.107216
0 0.524859 0.711340 0.039548 0.107216
0 0.562147 0.711340 0.039548 0.107216
