0 0.192249 0.285714 0.044073 0.099125
0 0.230243 0.288630 0.044073 0.099125
0 0.284954 0.282799 0.044073 0.099125
0 0.193769 0.399417 0.044073 0.099125
0 0.236322 0.393586 0.044073 0.099125
0 0.289514 0.393586 0.044073 0.099125
0 0.198328 0.513120 0.044073 0.099125
0 0.239362 0.510204 0.044073 0.099125
0 0.446049 0.492711 0.044073 0.099125
0 0.201368 0.725948 0.044073 0.099125
0 0.242401 0.725948 0.044073 0.099125
0 0.280395 0.720117 0.044073 0.099125
0 0.517477 0.693878 0.044073 0.099125
0 0.560030 0.688047 0.044073 0.099125
1 0.368541 0.271137 0.025836 0.099125
1 0.409574 0.370262 0.025836 0.099125
1 0.327508 0.720117 0.025836 0.099125
1 0.368541 0.717201 0.025836 0.099125
1 0.420213 0.705539 0.025836 0.099125
1 0.634498 0.685131 0.025836 0.099125
