0 0.183844 0.230576 0.038997 0.100251
0 0.224234 0.235589 0.038997 0.100251
0 0.275766 0.235589 0.038997 0.100251
0 0.185237 0.338346 0.038997 0.100251
0 0.224234 0.340852 0.038997 0.100251
0 0.274373 0.343358 0.038997 0.100251
0 0.182451 0.441103 0.038997 0.100251
0 0.221448 0.448622 0.038997 0.100251
0 0.430362 0.461153 0.038997 0.100251
0 0.179666 0.654135 0.038997 0.100251
0 0.220056 0.656642 0.038997 0.100251
0 0.257660 0.656642 0.038997 0.100251
0 0.497214 0.676692 0.038997 0.100251
0 0.537604 0.676692 0.038997 0.100251
1 0.364903 0.243108 0.027855 0.110276
1 0.398329 0.350877 0.027855 0.110276
1 0.398329 0.666667 0.027855 0.110276
1 0.341226 0.661654 0.027855 0.110276
1 0.302228 0.659148 0.027855 0.110276
2 0.318942 0.347118 0.038997 0.107769
2 0.356546 0.354637 0.038997 0.107769
2 0.472145 0.359649 0.038997 0.107769
2 0.182451 0.550125 0.038997 0.107769
2 0.398329 0.241855 0.038997 0.107769
2 0.577994 0.682957 0.038997 0.107769
1 0.622563 0.686717 0.027855 0.110276
3 0.314067 0.553885 0.045961 0.100251
3 0.472841 0.466165 0.045961 0.100251
3 0.752786 0.691729 0.045961 0.100251
4 0.274373 0.556391 0.041783 0.100251
8 0.392061 0.463659 0.034819 0.115288
8 0.351671 0.463659 0.034819 0.115288
5 0.316156 0.453634 0.036212 0.100251
9 0.274373 0.451128 0.047354 0.110276
9 0.476323 0.253133 0.036212 0.105263
4 0.438719 0.248120 0.038997 0.110276
4 0.658774 0.687970 0.038997 0.112782
6 0.711003 0.691729 0.043175 0.115288
