0 0.193182 0.252475 0.043388 0.085809
0 0.233471 0.260726 0.043388 0.085809
0 0.280992 0.264026 0.043388 0.085809
0 0.192149 0.348185 0.043388 0.085809
0 0.233471 0.349835 0.043388 0.085809
0 0.279959 0.364686 0.043388 0.085809
0 0.189050 0.438944 0.043388 0.085809
0 0.234504 0.442244 0.043388 0.085809
0 0.430785 0.470297 0.043388 0.085809
0 0.182851 0.617162 0.043388 0.085809
0 0.222107 0.616337 0.030992 0.090759
0 0.259814 0.622112 0.044421 0.095710
0 0.486570 0.655116 0.039256 0.085809
0 0.520661 0.658416 0.039256 0.085809
