0 0.210961 0.258112 0.037538 0.109145
0 0.248498 0.255162 0.037538 0.109145
0 0.210961 0.370206 0.037538 0.109145
0 0.250000 0.367257 0.037538 0.109145
0 0.218468 0.479351 0.037538 0.109145
0 0.254505 0.476401 0.037538 0.109145
0 0.299550 0.249263 0.037538 0.109145
0 0.302553 0.364307 0.037538 0.109145
0 0.460210 0.467552 0.037538 0.109145
0 0.222973 0.694690 0.037538 0.109145
0 0.260511 0.694690 0.037538 0.109145
0 0.301051 0.697640 0.037538 0.109145
0 0.532282 0.685841 0.037538 0.109145
0 0.568318 0.685841 0.037538 0.109145
1 0.382883 0.253687 0.027027 0.112094
1 0.424925 0.353982 0.027027 0.112094
1 0.339339 0.696165 0.027027 0.112094
1 0.373874 0.693215 0.027027 0.112094
1 0.436937 0.687316 0.027027 0.112094
1 0.650150 0.681416 0.027027 0.112094
