0 0.200928 0.259050 0.041114 0.088235
0 0.236737 0.265837 0.041114 0.088235
0 0.289788 0.263575 0.041114 0.088235
0 0.202255 0.358597 0.041114 0.088235
0 0.239390 0.363122 0.041114 0.088235
0 0.291114 0.363122 0.041114 0.088235
0 0.203581 0.458145 0.041114 0.088235
0 0.239390 0.453620 0.041114 0.088235
0 0.442308 0.460407 0.041114 0.088235
0 0.200928 0.645928 0.041114 0.088235
0 0.239390 0.643665 0.041114 0.088235
0 0.280504 0.648190 0.041114 0.088235
0 0.505968 0.645928 0.041114 0.088235
0 0.544430 0.652715 0.041114 0.088235
1 0.374005 0.262443 0.026525 0.085973
1 0.412467 0.364253 0.026525 0.085973
1 0.319629 0.650452 0.026525 0.097285
1 0.351459 0.650452 0.034483 0.101810
1 0.413793 0.652715 0.034483 0.101810
1 0.620690 0.648190 0.034483 0.101810
