0 0.192790 0.300000 0.040752 0.105882
0 0.231975 0.297059 0.040752 0.105882
0 0.286834 0.297059 0.040752 0.105882
0 0.194357 0.414706 0.040752 0.105882
0 0.235110 0.411765 0.040752 0.105882
0 0.289969 0.402941 0.040752 0.105882
0 0.197492 0.523529 0.040752 0.105882
0 0.239812 0.517647 0.040752 0.105882
0 0.448276 0.494118 0.040752 0.105882
0 0.203762 0.741176 0.040752 0.105882
0 0.246082 0.735294 0.040752 0.105882
0 0.288401 0.729412 0.040752 0.105882
0 0.523511 0.711765 0.040752 0.105882
0 0.561129 0.702941 0.040752 0.105882
1 0.372257 0.288235 0.023511 0.105882
1 0.413009 0.385294 0.023511 0.105882
1 0.328370 0.726471 0.023511 0.105882
1 0.365987 0.726471 0.023511 0.105882
1 0.427116 0.720588 0.023511 0.105882
1 0.638715 0.694118 0.023511 0.105882
