0 0.192953 0.265449 0.040268 0.092697
0 0.231544 0.265449 0.040268 0.092697
0 0.280201 0.265449 0.040268 0.092697
0 0.191275 0.358146 0.040268 0.092697
0 0.231544 0.358146 0.040268 0.092697
0 0.281879 0.358146 0.040268 0.092697
0 0.192953 0.456461 0.040268 0.092697
0 0.229866 0.456461 0.040268 0.092697
0 0.437919 0.464888 0.040268 0.092697
0 0.194631 0.650281 0.040268 0.092697
0 0.234899 0.647472 0.040268 0.092697
0 0.275168 0.647472 0.040268 0.092697
0 0.511745 0.661517 0.040268 0.092697
0 0.553691 0.661517 0.040268 0.092697
1 0.361577 0.268258 0.028523 0.098315
1 0.403523 0.363764 0.028523 0.098315
1 0.316275 0.658708 0.028523 0.098315
1 0.354866 0.653090 0.028523 0.098315
1 0.410235 0.655899 0.028523 0.098315
1 0.636745 0.667135 0.028523 0.098315
