0 0.193362 0.272059 0.043290 0.093137
0 0.235209 0.272059 0.043290 0.093137
0 0.291486 0.276961 0.043290 0.093137
0 0.190476 0.372549 0.043290 0.093137
0 0.230880 0.379902 0.043290 0.093137
0 0.288600 0.379902 0.043290 0.093137
0 0.190476 0.477941 0.043290 0.093137
0 0.235209 0.485294 0.043290 0.093137
0 0.453102 0.485294 0.043290 0.093137
0 0.187590 0.686275 0.043290 0.093137
0 0.232323 0.693627 0.043290 0.093137
0 0.274170 0.691176 0.043290 0.093137
0 0.523810 0.691176 0.043290 0.093137
0 0.562771 0.693627 0.043290 0.093137
1 0.383838 0.278186 0.020202 0.100490
1 0.419913 0.383578 0.020202 0.100490
1 0.316017 0.687500 0.020202 0.100490
1 0.360750 0.692402 0.020202 0.100490
1 0.425685 0.686275 0.025974 0.098039
1 0.650072 0.692402 0.030303 0.100490
