0 0.210875 0.257576 0.037135 0.101010
0 0.245358 0.260101 0.037135 0.101010
0 0.297082 0.252525 0.037135 0.101010
0 0.210875 0.366162 0.037135 0.101010
0 0.248011 0.363636 0.037135 0.101010
0 0.299735 0.363636 0.037135 0.101010
0 0.214854 0.474747 0.037135 0.101010
0 0.250663 0.472222 0.037135 0.101010
0 0.218170 0.680556 0.035809 0.103535
0 0.256631 0.675505 0.035809 0.103535
0 0.295093 0.678030 0.035809 0.103535
0 0.521883 0.665404 0.035809 0.103535
0 0.561671 0.667929 0.035809 0.103535
0 0.454244 0.465909 0.035809 0.103535
1 0.379973 0.255051 0.025199 0.106061
1 0.414456 0.351010 0.025199 0.106061
1 0.333554 0.674242 0.025199 0.106061
1 0.369363 0.676768 0.025199 0.106061
1 0.425066 0.674242 0.025199 0.106061
1 0.634615 0.661616 0.025199 0.106061
