0 0.186630 0.251948 0.041783 0.109091
0 0.225627 0.249351 0.041783 0.109091
0 0.281337 0.254545 0.041783 0.109091
0 0.186630 0.363636 0.041783 0.109091
0 0.232591 0.368831 0.041783 0.109091
0 0.277159 0.368831 0.041783 0.109091
0 0.185237 0.475325 0.041783 0.109091
0 0.228412 0.472727 0.041783 0.109091
0 0.442897 0.480519 0.041783 0.109091
0 0.181058 0.696104 0.041783 0.109091
0 0.224234 0.701299 0.041783 0.109091
0 0.267409 0.706494 0.041783 0.109091
0 0.508357 0.701299 0.041783 0.109091
0 0.547354 0.698701 0.041783 0.109091
