0 0.214898 0.218954 0.046088 0.106754
0 0.258842 0.223312 0.046088 0.106754
0 0.310289 0.234205 0.046088 0.106754
0 0.217042 0.332244 0.046088 0.106754
0 0.253483 0.345316 0.046088 0.106754
0 0.307610 0.352941 0.047160 0.117647
0 0.211683 0.444444 0.039657 0.117647
0 0.250268 0.455338 0.039657 0.117647
0 0.457128 0.492375 0.039657 0.117647
0 0.207395 0.673203 0.039657 0.117647
0 0.244909 0.684096 0.039657 0.117647
0 0.287781 0.688453 0.039657 0.117647
0 0.508574 0.723312 0.039657 0.117647
0 0.543944 0.729847 0.039657 0.117647
