0 0.193760 0.278274 0.042693 0.098214
0 0.233169 0.278274 0.042693 0.098214
0 0.287356 0.275298 0.042693 0.098214
0 0.195402 0.385417 0.042693 0.098214
0 0.238095 0.385417 0.042693 0.098214
0 0.292282 0.379464 0.042693 0.098214
0 0.198686 0.492560 0.042693 0.098214
0 0.243021 0.489583 0.042693 0.098214
0 0.453202 0.483631 0.042693 0.098214
0 0.205255 0.703869 0.042693 0.098214
0 0.246305 0.700893 0.042693 0.098214
0 0.285714 0.694940 0.042693 0.098214
0 0.527094 0.683036 0.042693 0.098214
0 0.566502 0.680060 0.042693 0.098214
1 0.373563 0.269345 0.024631 0.104167
1 0.417898 0.370536 0.024631 0.104167
1 0.330870 0.694940 0.024631 0.104167
1 0.651067 0.665179 0.024631 0.104167
1 0.368637 0.686012 0.024631 0.104167
1 0.427750 0.686012 0.024631 0.104167
