0 0.220126 0.260108 0.037736 0.088949
0 0.256289 0.260108 0.037736 0.088949
0 0.303459 0.257412 0.037736 0.088949
0 0.221698 0.351752 0.037736 0.088949
0 0.257862 0.351752 0.037736 0.088949
0 0.306604 0.354447 0.037736 0.088949
0 0.223270 0.448787 0.037736 0.088949
0 0.262579 0.448787 0.037736 0.088949
0 0.455975 0.443396 0.037736 0.088949
0 0.227987 0.637466 0.037736 0.088949
0 0.262579 0.632075 0.037736 0.088949
0 0.300314 0.634771 0.037736 0.088949
0 0.523585 0.629380 0.037736 0.088949
0 0.561321 0.632075 0.037736 0.088949
1 0.382075 0.254717 0.025157 0.088949
1 0.421384 0.349057 0.025157 0.088949
1 0.377358 0.632075 0.025157 0.088949
1 0.344340 0.634771 0.025157 0.088949
1 0.430818 0.634771 0.025157 0.088949
1 0.638365 0.632075 0.025157 0.088949
