0 0.209128 0.262500 0.042234 0.088636
0 0.210490 0.362500 0.042234 0.088636
0 0.207766 0.460227 0.042234 0.088636
0 0.248638 0.460227 0.042234 0.088636
0 0.250000 0.362500 0.042234 0.088636
0 0.252725 0.269318 0.042234 0.088636
0 0.305858 0.271591 0.042234 0.088636
0 0.304496 0.376136 0.042234 0.088636
0 0.461172 0.471591 0.042234 0.088636
0 0.202316 0.653409 0.042234 0.088636
0 0.243188 0.653409 0.042234 0.088636
0 0.288147 0.655682 0.042234 0.088636
0 0.521117 0.660227 0.042234 0.088636
0 0.563351 0.662500 0.042234 0.088636
1 0.388283 0.267045 0.021798 0.093182
1 0.427793 0.364773 0.021798 0.093182
1 0.332425 0.653409 0.021798 0.093182
1 0.370572 0.653409 0.021798 0.093182
1 0.425068 0.651136 0.021798 0.093182
1 0.640327 0.660227 0.021798 0.093182
