0 0.204875 0.292079 0.038208 0.103960
0 0.241765 0.292079 0.038208 0.103960
0 0.295784 0.297030 0.038208 0.103960
0 0.203557 0.393564 0.038208 0.103960
0 0.239130 0.396040 0.038208 0.103960
0 0.289196 0.398515 0.038208 0.103960
0 0.204875 0.502475 0.038208 0.103960
0 0.237813 0.500000 0.038208 0.103960
0 0.436759 0.517327 0.038208 0.103960
0 0.199605 0.700495 0.038208 0.103960
0 0.239130 0.705446 0.038208 0.103960
0 0.279974 0.710396 0.038208 0.103960
0 0.498682 0.725248 0.038208 0.103960
0 0.538208 0.732673 0.038208 0.103960
1 0.371542 0.308168 0.026350 0.106436
1 0.408432 0.402228 0.026350 0.106436
1 0.351779 0.716584 0.026350 0.106436
1 0.317523 0.709158 0.026350 0.106436
1 0.408432 0.719059 0.026350 0.106436
1 0.613966 0.731436 0.026350 0.106436
