0 0.219472 0.310541 0.039604 0.091168
0 0.257426 0.313390 0.039604 0.091168
0 0.305281 0.319088 0.039604 0.091168
0 0.219472 0.407407 0.039604 0.091168
0 0.255776 0.407407 0.039604 0.091168
0 0.306931 0.415954 0.039604 0.091168
0 0.219472 0.507123 0.039604 0.091168
0 0.257426 0.507123 0.039604 0.091168
0 0.452145 0.515670 0.039604 0.091168
0 0.217822 0.695157 0.039604 0.091168
0 0.255776 0.692308 0.039604 0.091168
0 0.297030 0.695157 0.039604 0.091168
0 0.516502 0.703704 0.039604 0.091168
0 0.549505 0.703704 0.039604 0.091168
