0 0.178253 0.260937 0.046346 0.109375
0 0.222816 0.257812 0.046346 0.109375
0 0.277184 0.262500 0.037433 0.112500
0 0.180927 0.365625 0.037433 0.112500
0 0.223708 0.368750 0.037433 0.112500
0 0.277184 0.368750 0.037433 0.112500
0 0.182709 0.465625 0.037433 0.112500
0 0.223708 0.468750 0.037433 0.112500
0 0.435829 0.475000 0.037433 0.112500
0 0.184492 0.668750 0.037433 0.112500
0 0.223708 0.675000 0.037433 0.112500
0 0.262923 0.675000 0.037433 0.112500
0 0.501783 0.681250 0.037433 0.112500
0 0.540998 0.687500 0.037433 0.112500
1 0.360963 0.271875 0.030303 0.106250
1 0.398396 0.371875 0.030303 0.106250
1 0.303922 0.675000 0.030303 0.106250
1 0.344920 0.671875 0.030303 0.106250
1 0.403743 0.681250 0.030303 0.100000
1 0.622995 0.684375 0.030303 0.106250
