0 0.227459 0.289189 0.036885 0.102703
0 0.265710 0.286486 0.036885 0.102703
0 0.317623 0.281081 0.036885 0.102703
0 0.230191 0.405405 0.036885 0.102703
0 0.268443 0.400000 0.036885 0.102703
0 0.318989 0.397297 0.036885 0.102703
0 0.234290 0.513514 0.036885 0.102703
0 0.271175 0.521622 0.036885 0.102703
0 0.471995 0.500000 0.036885 0.102703
0 0.235656 0.737838 0.036885 0.102703
0 0.272541 0.735135 0.036885 0.102703
0 0.312158 0.727027 0.036885 0.102703
0 0.543033 0.705405 0.036885 0.102703
0 0.581284 0.710811 0.036885 0.102703
