0 0.200928 0.290393 0.035809 0.082969
0 0.238064 0.286026 0.035809 0.082969
0 0.199602 0.386463 0.035809 0.082969
0 0.234085 0.382096 0.035809 0.082969
0 0.287135 0.382096 0.035809 0.082969
0 0.199602 0.473799 0.035809 0.082969
0 0.240716 0.482533 0.035809 0.082969
0 0.438329 0.493450 0.035809 0.082969
0 0.198276 0.661572 0.035809 0.082969
0 0.236737 0.657205 0.035809 0.082969
0 0.275199 0.668122 0.035809 0.082969
0 0.508621 0.679039 0.035809 0.082969
0 0.547082 0.681223 0.035809 0.082969
1 0.318302 0.665939 0.026525 0.100437
1 0.354111 0.668122 0.026525 0.100437
1 0.409814 0.668122 0.026525 0.100437
1 0.629973 0.683406 0.026525 0.100437
1 0.407162 0.393013 0.026525 0.100437
