0 0.203323 0.300000 0.042722 0.098592
0 0.244462 0.300000 0.042722 0.098592
0 0.298259 0.294366 0.042722 0.098592
0 0.208070 0.401408 0.042722 0.098592
0 0.250791 0.401408 0.042722 0.098592
0 0.299842 0.392958 0.042722 0.098592
0 0.211234 0.505634 0.042722 0.098592
0 0.250791 0.502817 0.042722 0.098592
0 0.464399 0.491549 0.042722 0.098592
0 0.215981 0.716901 0.042722 0.098592
0 0.255538 0.708451 0.042722 0.098592
0 0.295095 0.714085 0.042722 0.098592
0 0.538766 0.683099 0.042722 0.098592
0 0.575158 0.680282 0.042722 0.098592
1 0.383703 0.287324 0.036392 0.101408
1 0.423259 0.383099 0.036392 0.101408
1 0.337816 0.704225 0.036392 0.101408
1 0.374209 0.695775 0.036392 0.101408
1 0.435918 0.690141 0.036392 0.101408
1 0.652690 0.673239 0.036392 0.101408
