0 0.179803 0.282934 0.041051 0.098802
0 0.215928 0.279940 0.041051 0.098802
0 0.270115 0.276946 0.041051 0.098802
0 0.183087 0.393713 0.041051 0.098802
0 0.220854 0.393713 0.041051 0.098802
0 0.275041 0.387725 0.041051 0.098802
0 0.184729 0.501497 0.041051 0.098802
0 0.224138 0.492515 0.041051 0.098802
0 0.439245 0.477545 0.041051 0.098802
0 0.191297 0.714072 0.041051 0.098802
0 0.230706 0.714072 0.041051 0.098802
0 0.271757 0.714072 0.041051 0.098802
0 0.513136 0.681138 0.041051 0.098802
0 0.552545 0.681138 0.041051 0.098802
1 0.358785 0.275449 0.027915 0.095808
1 0.403120 0.371257 0.027915 0.095808
1 0.319376 0.703593 0.027915 0.095808
1 0.352217 0.700599 0.027915 0.095808
1 0.412972 0.685629 0.027915 0.095808
1 0.637931 0.667665 0.027915 0.095808
