0 0.186382 0.254975 0.042641 0.097015
0 0.229023 0.254975 0.042641 0.097015
0 0.282669 0.252488 0.042641 0.097015
0 0.183631 0.359453 0.042641 0.097015
0 0.227648 0.359453 0.042641 0.097015
0 0.277166 0.364428 0.042641 0.097015
0 0.185007 0.468905 0.042641 0.097015
0 0.226272 0.468905 0.042641 0.097015
0 0.442228 0.476368 0.042641 0.097015
0 0.185007 0.687811 0.042641 0.097015
0 0.226272 0.685323 0.042641 0.097015
0 0.267538 0.685323 0.042641 0.097015
0 0.504127 0.680348 0.042641 0.097015
0 0.545392 0.685323 0.042641 0.097015
1 0.368638 0.256219 0.024759 0.094527
1 0.405777 0.365672 0.024759 0.094527
1 0.308803 0.687811 0.031637 0.111940
1 0.345942 0.687811 0.031637 0.111940
1 0.410591 0.682836 0.031637 0.111940
1 0.623796 0.677861 0.031637 0.111940
