0 0.219298 0.300537 0.046440 0.107335
0 0.259546 0.302326 0.046440 0.107335
0 0.312178 0.305903 0.046440 0.107335
0 0.217234 0.391771 0.046440 0.107335
0 0.258514 0.397138 0.046440 0.107335
0 0.314241 0.404293 0.046440 0.107335
0 0.222910 0.500894 0.041280 0.093023
0 0.265222 0.499106 0.041280 0.093023
0 0.468524 0.508050 0.041280 0.093023
0 0.224974 0.679785 0.041280 0.093023
0 0.262126 0.679785 0.041280 0.093023
0 0.304438 0.683363 0.041280 0.093023
0 0.530444 0.683363 0.041280 0.093023
0 0.567595 0.679785 0.041280 0.093023
