0 0.208508 0.258303 0.043067 0.095941
0 0.247374 0.258303 0.043067 0.095941
0 0.300945 0.261993 0.043067 0.095941
0 0.208508 0.356089 0.043067 0.095941
0 0.248424 0.359779 0.043067 0.095941
0 0.300945 0.361624 0.043067 0.095941
0 0.207458 0.459410 0.043067 0.095941
0 0.250525 0.457565 0.043067 0.095941
0 0.453256 0.466790 0.043067 0.095941
0 0.208508 0.651292 0.043067 0.095941
0 0.249475 0.653137 0.043067 0.095941
0 0.286239 0.654982 0.043067 0.095941
0 0.513130 0.651292 0.043067 0.095941
0 0.549895 0.654982 0.043067 0.095941
1 0.386029 0.267528 0.026261 0.103321
1 0.422794 0.369004 0.026261 0.103321
1 0.333508 0.654982 0.026261 0.103321
1 0.369223 0.658672 0.026261 0.103321
1 0.424895 0.664207 0.026261 0.103321
1 0.627626 0.653137 0.026261 0.103321
1 0.658088 0.653137 0.026261 0.103321
