0 0.195073 0.278742 0.041278 0.101952
0 0.237683 0.283080 0.041278 0.101952
0 0.289614 0.296095 0.041278 0.101952
0 0.193742 0.380694 0.041278 0.101952
0 0.237683 0.380694 0.041278 0.101952
0 0.288282 0.391540 0.041278 0.101952
0 0.193742 0.473970 0.041278 0.101952
0 0.236352 0.473970 0.041278 0.101952
0 0.442743 0.500000 0.041278 0.101952
0 0.189747 0.662690 0.041278 0.101952
0 0.229694 0.662690 0.041278 0.101952
0 0.272304 0.671367 0.041278 0.101952
0 0.503995 0.695228 0.041278 0.101952
0 0.541278 0.701735 0.041278 0.101952
1 0.371505 0.303688 0.029294 0.086768
1 0.410120 0.401302 0.029294 0.086768
1 0.312916 0.681128 0.029294 0.086768
1 0.348868 0.685466 0.029294 0.086768
1 0.620506 0.711497 0.029294 0.086768
1 0.404794 0.689805 0.029294 0.086768
