0 0.218537 0.262931 0.039116 0.083333
0 0.254252 0.265805 0.039116 0.083333
0 0.306973 0.265805 0.039116 0.083333
0 0.216837 0.357759 0.039116 0.083333
0 0.255952 0.360632 0.039116 0.083333
0 0.305272 0.363506 0.039116 0.083333
0 0.215136 0.452586 0.039116 0.083333
0 0.255952 0.455460 0.039116 0.083333
0 0.456633 0.464080 0.039116 0.083333
0 0.216837 0.642241 0.039116 0.083333
0 0.252551 0.642241 0.039116 0.083333
0 0.291667 0.645115 0.039116 0.083333
0 0.519558 0.653736 0.039116 0.083333
0 0.558673 0.650862 0.039116 0.083333
