0 0.200313 0.279730 0.043818 0.089189
0 0.239437 0.279730 0.043818 0.089189
0 0.294210 0.274324 0.043818 0.089189
0 0.201878 0.385135 0.043818 0.089189
0 0.244131 0.382432 0.043818 0.089189
0 0.297340 0.379730 0.043818 0.089189
0 0.205008 0.487838 0.043818 0.089189
0 0.248826 0.485135 0.043818 0.089189
0 0.458529 0.466216 0.043818 0.089189
0 0.209703 0.693243 0.043818 0.089189
0 0.251956 0.693243 0.043818 0.089189
0 0.292645 0.685135 0.043818 0.089189
0 0.533646 0.655405 0.043818 0.089189
0 0.577465 0.655405 0.043818 0.089189
