0 0.187406 0.250000 0.041979 0.092179
0 0.226387 0.250000 0.041979 0.092179
0 0.278861 0.250000 0.041979 0.092179
0 0.190405 0.361732 0.041979 0.092179
0 0.226387 0.356145 0.041979 0.092179
0 0.278861 0.356145 0.041979 0.092179
0 0.188906 0.465084 0.041979 0.092179
0 0.232384 0.467877 0.041979 0.092179
0 0.434783 0.451117 0.041979 0.092179
0 0.197901 0.680168 0.041979 0.092179
0 0.235382 0.677374 0.041979 0.092179
0 0.278861 0.674581 0.041979 0.092179
0 0.505997 0.649441 0.037481 0.092179
0 0.544978 0.643855 0.037481 0.092179
