0 0.204225 0.285714 0.045383 0.091429
0 0.246479 0.280000 0.045383 0.091429
0 0.293427 0.277143 0.045383 0.091429
0 0.204225 0.385714 0.045383 0.091429
0 0.248044 0.385714 0.045383 0.091429
0 0.296557 0.380000 0.045383 0.091429
0 0.205790 0.488571 0.045383 0.091429
0 0.248044 0.491429 0.045383 0.091429
0 0.446792 0.482857 0.045383 0.091429
0 0.207355 0.694286 0.045383 0.091429
0 0.243349 0.694286 0.045383 0.091429
0 0.288732 0.694286 0.045383 0.091429
0 0.515649 0.680000 0.045383 0.091429
0 0.553208 0.680000 0.045383 0.091429
