0 0.196335 0.235562 0.040140 0.106383
0 0.234729 0.235562 0.040140 0.106383
0 0.288831 0.244681 0.040140 0.106383
0 0.199825 0.338906 0.040140 0.106383
0 0.234729 0.341945 0.040140 0.106383
0 0.287086 0.348024 0.040140 0.106383
0 0.199825 0.436170 0.040140 0.106383
0 0.236475 0.439210 0.040140 0.106383
0 0.440663 0.451368 0.040140 0.106383
0 0.198080 0.636778 0.040140 0.106383
0 0.238220 0.639818 0.040140 0.106383
0 0.280105 0.639818 0.040140 0.106383
0 0.508726 0.655015 0.040140 0.106383
0 0.550611 0.651976 0.040140 0.106383
1 0.371728 0.240122 0.024433 0.097264
1 0.411867 0.346505 0.024433 0.097264
1 0.317627 0.641337 0.024433 0.097264
1 0.357766 0.641337 0.024433 0.097264
1 0.624782 0.650456 0.024433 0.097264
