0 0.204706 0.258315 0.037647 0.095344
0 0.242353 0.256098 0.037647 0.095344
0 0.294118 0.256098 0.037647 0.095344
0 0.208235 0.360310 0.037647 0.095344
0 0.245882 0.360310 0.037647 0.095344
0 0.291765 0.362528 0.037647 0.095344
0 0.211765 0.462306 0.037647 0.095344
0 0.247059 0.464523 0.037647 0.095344
0 0.443529 0.473392 0.037647 0.095344
0 0.215294 0.664080 0.037647 0.095344
0 0.251765 0.668514 0.037647 0.095344
0 0.289412 0.666297 0.037647 0.095344
0 0.510588 0.677384 0.037647 0.095344
0 0.548235 0.677384 0.037647 0.095344
