0 0.207597 0.273556 0.044170 0.097264
0 0.246466 0.270517 0.044170 0.097264
0 0.297703 0.273556 0.044170 0.097264
0 0.204064 0.361702 0.044170 0.097264
0 0.244700 0.364742 0.044170 0.097264
0 0.294170 0.379939 0.044170 0.097264
0 0.205830 0.474164 0.044170 0.097264
0 0.246466 0.474164 0.044170 0.097264
0 0.451413 0.483283 0.044170 0.097264
0 0.202297 0.671733 0.044170 0.097264
0 0.248233 0.671733 0.044170 0.097264
0 0.292403 0.674772 0.044170 0.097264
0 0.518551 0.677812 0.044170 0.097264
0 0.559187 0.683891 0.044170 0.097264
