0 0.207681 0.262148 0.039829 0.099744
0 0.244666 0.259591 0.039829 0.099744
0 0.295875 0.257033 0.039829 0.099744
0 0.209104 0.354220 0.039829 0.099744
0 0.248933 0.359335 0.039829 0.099744
0 0.294452 0.356777 0.039829 0.099744
0 0.206259 0.466752 0.039829 0.099744
0 0.248933 0.461637 0.039829 0.099744
0 0.450925 0.459079 0.039829 0.099744
0 0.207681 0.661125 0.039829 0.099744
0 0.247511 0.661125 0.039829 0.099744
0 0.285917 0.661125 0.039829 0.099744
0 0.514936 0.666240 0.039829 0.099744
0 0.557610 0.668798 0.039829 0.099744
1 0.377667 0.258312 0.024182 0.097187
1 0.414651 0.355499 0.024182 0.097187
1 0.329303 0.662404 0.024182 0.097187
1 0.362020 0.659847 0.024182 0.097187
1 0.420341 0.662404 0.024182 0.097187
1 0.637980 0.664962 0.024182 0.097187
