0 0.189320 0.268678 0.042071 0.094828
0 0.233010 0.271552 0.042071 0.094828
0 0.288026 0.271552 0.042071 0.094828
0 0.289644 0.375000 0.042071 0.094828
0 0.233010 0.380747 0.042071 0.094828
0 0.189320 0.380747 0.042071 0.094828
0 0.190939 0.495690 0.042071 0.094828
0 0.234628 0.487069 0.042071 0.094828
0 0.453074 0.478448 0.042071 0.094828
0 0.192557 0.708333 0.042071 0.094828
0 0.234628 0.702586 0.042071 0.094828
0 0.275081 0.705460 0.042071 0.094828
0 0.525890 0.685345 0.042071 0.094828
0 0.564725 0.679598 0.042071 0.094828
1 0.374595 0.267241 0.030744 0.109195
1 0.413430 0.359195 0.030744 0.109195
1 0.317961 0.698276 0.030744 0.109195
1 0.363269 0.698276 0.030744 0.109195
1 0.419903 0.692529 0.030744 0.109195
1 0.643204 0.669540 0.030744 0.109195
