0 0.205369 0.282353 0.042953 0.098824
0 0.242953 0.280000 0.042953 0.098824
0 0.299329 0.282353 0.042953 0.098824
0 0.208054 0.376471 0.042953 0.098824
0 0.253691 0.381176 0.042953 0.098824
0 0.249664 0.480000 0.042953 0.098824
0 0.209396 0.477647 0.042953 0.098824
0 0.457718 0.482353 0.042953 0.098824
0 0.299329 0.383529 0.042953 0.098824
0 0.206711 0.682353 0.042953 0.098824
0 0.249664 0.680000 0.042953 0.098824
0 0.296644 0.684706 0.042953 0.098824
0 0.522148 0.684706 0.042953 0.098824
0 0.563758 0.689412 0.042953 0.098824
1 0.379866 0.281176 0.021477 0.096471
1 0.421477 0.380000 0.021477 0.096471
1 0.332886 0.684706 0.026846 0.108235
1 0.365101 0.682353 0.026846 0.108235
1 0.421477 0.689412 0.026846 0.108235
1 0.648322 0.687059 0.026846 0.108235
