0 0.182456 0.250000 0.038596 0.096386
0 0.222807 0.253012 0.038596 0.096386
0 0.275439 0.256024 0.038596 0.096386
0 0.184211 0.352410 0.038596 0.096386
0 0.224561 0.352410 0.038596 0.096386
0 0.275439 0.355422 0.038596 0.096386
0 0.180702 0.460843 0.038596 0.096386
0 0.222807 0.460843 0.038596 0.096386
0 0.431579 0.463855 0.038596 0.096386
0 0.182456 0.650602 0.038596 0.096386
0 0.222807 0.656627 0.038596 0.096386
0 0.263158 0.662651 0.038596 0.096386
0 0.492982 0.662651 0.038596 0.096386
0 0.533333 0.665663 0.038596 0.096386
1 0.357018 0.257530 0.026316 0.099398
1 0.393860 0.356928 0.026316 0.099398
1 0.302632 0.661145 0.026316 0.099398
1 0.342982 0.661145 0.026316 0.099398
1 0.397368 0.661145 0.026316 0.099398
1 0.611404 0.670181 0.026316 0.099398
