0 0.210440 0.282369 0.039152 0.090909
0 0.247961 0.279614 0.039152 0.090909
0 0.295269 0.282369 0.039152 0.090909
0 0.212072 0.378788 0.039152 0.090909
0 0.247961 0.373278 0.039152 0.090909
0 0.300163 0.376033 0.039152 0.090909
0 0.210440 0.472452 0.039152 0.090909
0 0.249592 0.475207 0.039152 0.090909
0 0.450245 0.472452 0.039152 0.090909
0 0.213703 0.657025 0.039152 0.090909
0 0.252855 0.659780 0.039152 0.090909
0 0.293638 0.654270 0.039152 0.090909
0 0.522023 0.665289 0.039152 0.090909
0 0.561175 0.670799 0.039152 0.090909
1 0.375204 0.282369 0.026101 0.090909
1 0.415987 0.373278 0.026101 0.090909
1 0.331158 0.654270 0.026101 0.090909
1 0.370310 0.665289 0.026101 0.090909
1 0.424144 0.659780 0.026101 0.090909
1 0.646003 0.665289 0.026101 0.090909
