0 0.213605 0.276829 0.040816 0.104878
0 0.250340 0.279268 0.040816 0.104878
0 0.307483 0.284146 0.040816 0.104878
0 0.210884 0.381707 0.040816 0.104878
0 0.254422 0.384146 0.040816 0.104878
0 0.303401 0.384146 0.040816 0.104878
0 0.210884 0.489024 0.040816 0.104878
0 0.251701 0.496341 0.040816 0.104878
0 0.459864 0.493902 0.040816 0.104878
0 0.206803 0.698780 0.040816 0.104878
0 0.248980 0.696341 0.040816 0.104878
0 0.289796 0.701220 0.040816 0.104878
0 0.522449 0.693902 0.040816 0.104878
0 0.563265 0.693902 0.040816 0.104878
1 0.391837 0.281707 0.024490 0.100000
1 0.427211 0.386585 0.024490 0.100000
1 0.330612 0.696341 0.024490 0.100000
1 0.368707 0.701220 0.024490 0.100000
1 0.428571 0.701220 0.024490 0.100000
1 0.640816 0.701220 0.024490 0.100000
