0 0.216312 0.242243 0.041135 0.088305
0 0.254610 0.242243 0.041135 0.088305
0 0.214894 0.332936 0.041135 0.088305
0 0.302837 0.247017 0.041135 0.088305
0 0.302837 0.340095 0.041135 0.088305
0 0.254610 0.340095 0.041135 0.088305
0 0.216312 0.428401 0.041135 0.088305
0 0.250355 0.428401 0.041135 0.088305
0 0.451773 0.447494 0.041135 0.088305
0 0.210638 0.607399 0.041135 0.088305
0 0.251773 0.616945 0.041135 0.088305
0 0.290071 0.616945 0.041135 0.088305
0 0.515603 0.633652 0.041135 0.088305
0 0.553901 0.636038 0.041135 0.088305
1 0.380851 0.245823 0.024113 0.081146
1 0.417730 0.338902 0.024113 0.081146
1 0.328369 0.620525 0.024113 0.081146
1 0.366667 0.625298 0.024113 0.081146
1 0.420567 0.622912 0.024113 0.081146
1 0.635461 0.645585 0.028369 0.093079
