0 0.205845 0.266509 0.043202 0.113208
0 0.249047 0.266509 0.043202 0.113208
0 0.297332 0.266509 0.043202 0.113208
0 0.208386 0.372642 0.043202 0.113208
0 0.250318 0.372642 0.043202 0.113208
0 0.298602 0.372642 0.043202 0.113208
0 0.212198 0.478774 0.043202 0.113208
0 0.256671 0.478774 0.043202 0.113208
0 0.454892 0.476415 0.043202 0.113208
0 0.218551 0.681604 0.043202 0.113208
0 0.255400 0.681604 0.043202 0.113208
0 0.299873 0.679245 0.043202 0.113208
0 0.522236 0.676887 0.043202 0.113208
0 0.562897 0.674528 0.043202 0.113208
1 0.379288 0.257075 0.024142 0.099057
1 0.431385 0.674528 0.024142 0.099057
1 0.337357 0.679245 0.024142 0.099057
1 0.375476 0.679245 0.024142 0.099057
1 0.643583 0.674528 0.024142 0.099057
