0 0.202847 0.273556 0.039146 0.091185
0 0.241993 0.279635 0.039146 0.091185
0 0.297153 0.279635 0.039146 0.091185
0 0.202847 0.379939 0.039146 0.091185
0 0.241993 0.379939 0.039146 0.091185
0 0.293594 0.382979 0.039146 0.091185
0 0.202847 0.477204 0.039146 0.091185
0 0.241993 0.480243 0.039146 0.091185
0 0.449288 0.486322 0.040925 0.091185
0 0.201957 0.677812 0.040925 0.091185
0 0.239324 0.680851 0.040925 0.091185
0 0.278470 0.680851 0.040925 0.091185
0 0.515125 0.686930 0.040925 0.091185
0 0.552491 0.689970 0.040925 0.091185
