0 0.201513 0.242782 0.042641 0.102362
0 0.238652 0.250656 0.042641 0.102362
0 0.288171 0.245407 0.042641 0.102362
0 0.201513 0.355643 0.042641 0.102362
0 0.241403 0.358268 0.042641 0.102362
0 0.293673 0.355643 0.042641 0.102362
0 0.198762 0.463255 0.042641 0.102362
0 0.244154 0.468504 0.042641 0.102362
0 0.450481 0.471129 0.042641 0.102362
0 0.196011 0.681102 0.042641 0.102362
0 0.241403 0.681102 0.042641 0.102362
0 0.274415 0.681102 0.042641 0.102362
0 0.517882 0.686352 0.042641 0.102362
0 0.552270 0.696850 0.042641 0.102362
