0 0.192557 0.251397 0.045307 0.100559
0 0.236246 0.254190 0.045307 0.100559
0 0.292880 0.248603 0.045307 0.100559
0 0.291262 0.354749 0.045307 0.100559
0 0.242718 0.357542 0.045307 0.100559
0 0.194175 0.357542 0.045307 0.100559
0 0.194175 0.463687 0.045307 0.100559
0 0.237864 0.460894 0.045307 0.100559
0 0.456311 0.446927 0.045307 0.100559
0 0.194175 0.675978 0.045307 0.100559
0 0.239482 0.673184 0.045307 0.100559
0 0.283172 0.673184 0.045307 0.100559
0 0.529126 0.648045 0.045307 0.100559
0 0.569579 0.642458 0.045307 0.100559
