0 0.207658 0.261139 0.041237 0.081683
0 0.243004 0.263614 0.041237 0.081683
0 0.296024 0.268564 0.041237 0.081683
0 0.207658 0.357673 0.041237 0.081683
0 0.243004 0.360149 0.041237 0.081683
0 0.294551 0.360149 0.041237 0.081683
0 0.204713 0.454208 0.041237 0.081683
0 0.244477 0.456683 0.041237 0.081683
0 0.446244 0.464109 0.041237 0.081683
0 0.206186 0.642327 0.041237 0.081683
0 0.243004 0.644802 0.041237 0.081683
0 0.279823 0.644802 0.041237 0.081683
0 0.512518 0.657178 0.041237 0.081683
0 0.555228 0.659653 0.041237 0.081683
