0 0.199008 0.247253 0.041076 0.115385
0 0.238669 0.250000 0.041076 0.115385
0 0.291076 0.250000 0.041076 0.115385
0 0.199008 0.362637 0.041076 0.115385
0 0.238669 0.365385 0.041076 0.115385
0 0.291076 0.365385 0.041076 0.115385
0 0.201841 0.472527 0.041076 0.115385
0 0.242918 0.475275 0.041076 0.115385
0 0.453966 0.467033 0.041076 0.115385
0 0.204674 0.689560 0.041076 0.115385
0 0.242918 0.695055 0.041076 0.115385
0 0.285411 0.695055 0.041076 0.115385
0 0.523371 0.678571 0.041076 0.115385
0 0.563031 0.686813 0.041076 0.115385
