0 0.205385 0.298462 0.041538 0.104615
0 0.250000 0.298462 0.041538 0.104615
0 0.300769 0.295385 0.041538 0.104615
0 0.208462 0.421538 0.041538 0.104615
0 0.251538 0.415385 0.041538 0.104615
0 0.303846 0.415385 0.041538 0.104615
0 0.211538 0.541538 0.041538 0.104615
0 0.254615 0.535385 0.041538 0.104615
0 0.466923 0.510769 0.041538 0.104615
0 0.216154 0.769231 0.041538 0.104615
0 0.257692 0.763077 0.041538 0.104615
0 0.299231 0.760000 0.041538 0.104615
0 0.536154 0.735385 0.041538 0.104615
0 0.574615 0.732308 0.041538 0.104615
1 0.385385 0.287692 0.029231 0.113846
1 0.428462 0.395385 0.029231 0.113846
1 0.342308 0.767692 0.029231 0.113846
1 0.377692 0.764615 0.029231 0.113846
1 0.442308 0.752308 0.029231 0.113846
1 0.653077 0.724615 0.029231 0.113846
