0 0.220000 0.310945 0.043200 0.089552
0 0.256800 0.310945 0.043200 0.089552
0 0.308000 0.298507 0.043200 0.089552
0 0.223200 0.393035 0.043200 0.089552
0 0.266400 0.393035 0.043200 0.089552
0 0.312800 0.388060 0.043200 0.089552
0 0.226400 0.482587 0.043200 0.089552
0 0.268000 0.480100 0.043200 0.089552
0 0.466400 0.457711 0.043200 0.089552
0 0.234400 0.656716 0.043200 0.089552
0 0.269600 0.649254 0.043200 0.089552
0 0.311200 0.644279 0.043200 0.089552
0 0.538400 0.614428 0.043200 0.089552
0 0.576800 0.611940 0.043200 0.089552
1 0.389600 0.294776 0.027200 0.087065
1 0.434400 0.374378 0.027200 0.087065
1 0.352800 0.638060 0.027200 0.087065
1 0.391200 0.638060 0.027200 0.087065
1 0.448800 0.633085 0.027200 0.087065
1 0.655200 0.603234 0.027200 0.087065
