0 0.212696 0.279268 0.045812 0.104878
0 0.251963 0.279268 0.045812 0.104878
0 0.297775 0.279268 0.045812 0.104878
0 0.214005 0.379268 0.045812 0.104878
0 0.255890 0.381707 0.045812 0.104878
0 0.301702 0.381707 0.045812 0.104878
0 0.215314 0.484146 0.045812 0.104878
0 0.259817 0.489024 0.045812 0.104878
0 0.454843 0.479268 0.045812 0.104878
0 0.216623 0.684146 0.045812 0.104878
0 0.253272 0.684146 0.045812 0.104878
0 0.297775 0.686585 0.045812 0.104878
0 0.516361 0.689024 0.045812 0.104878
0 0.551702 0.691463 0.045812 0.104878
1 0.380236 0.278049 0.030105 0.112195
1 0.420812 0.375610 0.030105 0.112195
1 0.335733 0.687805 0.030105 0.112195
1 0.365838 0.687805 0.030105 0.112195
1 0.429974 0.685366 0.030105 0.112195
1 0.638089 0.690244 0.030105 0.112195
