0 0.186594 0.243506 0.043478 0.116883
0 0.226449 0.243506 0.043478 0.116883
0 0.280797 0.250000 0.043478 0.116883
0 0.187500 0.352273 0.041667 0.107143
0 0.227355 0.358766 0.041667 0.107143
0 0.281703 0.362013 0.041667 0.107143
0 0.187500 0.465909 0.041667 0.107143
0 0.227355 0.465909 0.041667 0.107143
0 0.439312 0.478896 0.041667 0.107143
0 0.185688 0.676948 0.041667 0.107143
0 0.229167 0.676948 0.041667 0.107143
0 0.266304 0.681818 0.036232 0.110390
0 0.512681 0.688312 0.036232 0.110390
0 0.547101 0.691558 0.036232 0.110390
