0 0.248645 0.262557 0.039295 0.091324
0 0.209350 0.264840 0.039295 0.091324
0 0.298780 0.267123 0.039295 0.091324
0 0.207995 0.360731 0.039295 0.091324
0 0.244580 0.360731 0.039295 0.091324
0 0.298780 0.365297 0.039295 0.091324
0 0.205285 0.458904 0.039295 0.091324
0 0.244580 0.458904 0.039295 0.091324
0 0.457317 0.458904 0.039295 0.091324
0 0.203930 0.650685 0.039295 0.091324
0 0.244580 0.650685 0.039295 0.091324
0 0.283875 0.652968 0.039295 0.091324
0 0.516938 0.652968 0.039295 0.091324
0 0.557588 0.655251 0.039295 0.091324
1 0.386179 0.268265 0.027100 0.084475
1 0.420054 0.366438 0.027100 0.084475
1 0.328591 0.651826 0.028455 0.098174
1 0.363821 0.654110 0.028455 0.098174
1 0.422087 0.658676 0.028455 0.098174
1 0.626694 0.654110 0.028455 0.098174
