0 0.210133 0.267062 0.041528 0.094955
0 0.245017 0.267062 0.041528 0.094955
0 0.299834 0.264095 0.041528 0.094955
0 0.208472 0.367953 0.041528 0.094955
0 0.246678 0.370920 0.041528 0.094955
0 0.301495 0.370920 0.041528 0.094955
0 0.210133 0.471810 0.041528 0.094955
0 0.248339 0.474777 0.041528 0.094955
0 0.455980 0.474777 0.041528 0.094955
0 0.215116 0.682493 0.041528 0.094955
0 0.253322 0.682493 0.041528 0.094955
0 0.296512 0.688427 0.041528 0.094955
0 0.530731 0.691395 0.041528 0.094955
0 0.568937 0.691395 0.041528 0.094955
