0 0.218094 0.320402 0.042003 0.094828
0 0.261712 0.311782 0.042003 0.094828
0 0.218094 0.415230 0.042003 0.094828
0 0.258481 0.418103 0.042003 0.094828
0 0.310178 0.311782 0.042003 0.094828
0 0.313409 0.415230 0.042003 0.094828
0 0.219709 0.518678 0.042003 0.094828
0 0.263328 0.518678 0.042003 0.094828
0 0.470113 0.510057 0.042003 0.094828
0 0.226171 0.731322 0.042003 0.094828
0 0.263328 0.725575 0.042003 0.094828
0 0.305331 0.719828 0.042003 0.094828
0 0.544426 0.708333 0.042003 0.094828
0 0.586430 0.705460 0.042003 0.094828
1 0.392569 0.306034 0.022617 0.094828
1 0.432956 0.400862 0.022617 0.094828
1 0.352181 0.714080 0.022617 0.094828
1 0.386107 0.714080 0.022617 0.094828
1 0.445880 0.714080 0.022617 0.094828
1 0.665590 0.696839 0.022617 0.094828
