0 0.203784 0.270992 0.037838 0.091603
0 0.243784 0.272901 0.037838 0.091603
0 0.288108 0.269084 0.037838 0.091603
0 0.203784 0.362595 0.037838 0.091603
0 0.242703 0.364504 0.037838 0.091603
0 0.290270 0.370229 0.037838 0.091603
0 0.205946 0.463740 0.037838 0.091603
0 0.244865 0.465649 0.037838 0.091603
0 0.435135 0.471374 0.037838 0.091603
0 0.204865 0.652672 0.037838 0.091603
0 0.241622 0.652672 0.037838 0.091603
0 0.279459 0.652672 0.037838 0.091603
0 0.497838 0.662214 0.037838 0.091603
0 0.535676 0.664122 0.037838 0.091603
