0 0.183706 0.289106 0.041534 0.092179
0 0.222045 0.294693 0.041534 0.092179
0 0.273163 0.289106 0.041534 0.092179
0 0.183706 0.389665 0.041534 0.092179
0 0.226837 0.386872 0.041534 0.092179
0 0.271565 0.386872 0.041534 0.092179
0 0.185304 0.490223 0.041534 0.092179
0 0.226837 0.481844 0.041534 0.092179
0 0.424920 0.481844 0.041534 0.092179
0 0.183706 0.677374 0.041534 0.092179
0 0.226837 0.677374 0.041534 0.092179
0 0.268371 0.677374 0.041534 0.092179
0 0.490415 0.677374 0.041534 0.092179
0 0.527157 0.674581 0.041534 0.092179
1 0.350639 0.290503 0.030351 0.094972
1 0.385783 0.382682 0.030351 0.094972
1 0.307508 0.678771 0.030351 0.094972
1 0.337859 0.678771 0.030351 0.094972
1 0.392173 0.675978 0.030351 0.094972
1 0.604633 0.678771 0.030351 0.094972
