0 0.187834 0.227941 0.041444 0.107843
0 0.229278 0.232843 0.041444 0.107843
0 0.281417 0.232843 0.041444 0.107843
0 0.193182 0.338235 0.041444 0.107843
0 0.230615 0.340686 0.041444 0.107843
0 0.282754 0.335784 0.041444 0.107843
0 0.191845 0.443627 0.041444 0.107843
0 0.233289 0.443627 0.041444 0.107843
0 0.441845 0.441176 0.041444 0.107843
0 0.191845 0.647059 0.041444 0.107843
0 0.234626 0.649510 0.041444 0.107843
0 0.277406 0.651961 0.041444 0.107843
0 0.512701 0.659314 0.041444 0.107843
0 0.550134 0.659314 0.041444 0.107843
1 0.365642 0.236520 0.022727 0.105392
1 0.405749 0.334559 0.022727 0.105392
1 0.320187 0.648284 0.028075 0.095588
1 0.350936 0.653186 0.028075 0.095588
1 0.412433 0.653186 0.028075 0.095588
1 0.631684 0.655637 0.028075 0.095588
