0 0.199301 0.254777 0.041958 0.095541
0 0.241259 0.251592 0.041958 0.095541
0 0.199301 0.359873 0.041958 0.095541
0 0.237762 0.363057 0.041958 0.095541
0 0.201049 0.463376 0.045455 0.092357
0 0.236014 0.463376 0.045455 0.092357
0 0.290210 0.256369 0.045455 0.092357
0 0.291958 0.364650 0.045455 0.092357
0 0.445804 0.479299 0.045455 0.092357
0 0.194056 0.673567 0.045455 0.092357
0 0.236014 0.676752 0.045455 0.092357
0 0.274476 0.676752 0.045455 0.092357
0 0.506993 0.686306 0.045455 0.092357
0 0.541958 0.679936 0.045455 0.092357
