0 0.230263 0.311377 0.042398 0.113772
0 0.265351 0.302395 0.042398 0.113772
0 0.316520 0.305389 0.042398 0.113772
0 0.230263 0.416168 0.042398 0.113772
0 0.269737 0.419162 0.042398 0.113772
0 0.319444 0.419162 0.042398 0.113772
0 0.230263 0.535928 0.042398 0.113772
0 0.268275 0.535928 0.042398 0.113772
0 0.470029 0.514970 0.042398 0.113772
0 0.236111 0.760479 0.042398 0.113772
0 0.277047 0.760479 0.042398 0.113772
0 0.313596 0.757485 0.042398 0.113772
0 0.540205 0.721557 0.042398 0.113772
0 0.576754 0.715569 0.042398 0.113772
1 0.399854 0.297904 0.027778 0.116766
1 0.437865 0.399701 0.027778 0.116766
1 0.353070 0.750000 0.027778 0.116766
1 0.392544 0.750000 0.027778 0.116766
1 0.451023 0.744012 0.027778 0.116766
1 0.649854 0.714072 0.027778 0.116766
