0 0.211898 0.269053 0.033422 0.090069
0 0.247995 0.269053 0.033422 0.090069
0 0.214572 0.363741 0.033422 0.090069
0 0.250668 0.363741 0.033422 0.090069
0 0.301471 0.269053 0.033422 0.090069
0 0.301471 0.363741 0.033422 0.090069
0 0.451203 0.458430 0.033422 0.090069
0 0.214572 0.456120 0.033422 0.090069
0 0.251337 0.457275 0.040107 0.096998
0 0.213904 0.646651 0.040107 0.096998
0 0.252674 0.646651 0.040107 0.096998
0 0.294118 0.648961 0.040107 0.096998
0 0.517380 0.646651 0.040107 0.096998
0 0.552139 0.646651 0.040107 0.096998
1 0.378342 0.267898 0.024064 0.092379
1 0.415775 0.367206 0.024064 0.092379
1 0.332888 0.642032 0.024064 0.092379
1 0.366310 0.644342 0.024064 0.092379
1 0.421123 0.644342 0.024064 0.092379
1 0.635027 0.651270 0.024064 0.092379
