0 0.207584 0.266667 0.042416 0.097778
0 0.248715 0.271111 0.042416 0.097778
0 0.294987 0.264444 0.042416 0.097778
0 0.208869 0.357778 0.042416 0.097778
0 0.247429 0.357778 0.042416 0.097778
0 0.298843 0.360000 0.042416 0.097778
0 0.208869 0.462222 0.042416 0.097778
0 0.251285 0.455556 0.042416 0.097778
0 0.449229 0.453333 0.042416 0.097778
0 0.215296 0.642222 0.042416 0.097778
0 0.248715 0.644444 0.042416 0.097778
0 0.288560 0.648889 0.042416 0.097778
0 0.513496 0.640000 0.042416 0.097778
0 0.553342 0.644444 0.042416 0.097778
1 0.376607 0.267778 0.025707 0.095556
1 0.416452 0.352222 0.025707 0.095556
1 0.329049 0.650000 0.025707 0.095556
1 0.367609 0.650000 0.025707 0.095556
1 0.426735 0.645556 0.025707 0.095556
1 0.636247 0.652222 0.025707 0.095556
