0 0.218462 0.273684 0.040000 0.089474
0 0.256923 0.273684 0.040000 0.089474
0 0.303077 0.273684 0.040000 0.089474
0 0.220000 0.363158 0.040000 0.089474
0 0.255385 0.363158 0.040000 0.089474
0 0.304615 0.365789 0.040000 0.089474
0 0.220000 0.452632 0.040000 0.089474
0 0.253846 0.455263 0.040000 0.089474
0 0.446154 0.460526 0.040000 0.089474
0 0.221538 0.636842 0.040000 0.089474
0 0.263077 0.636842 0.040000 0.089474
0 0.301538 0.636842 0.040000 0.089474
0 0.512308 0.644737 0.040000 0.089474
0 0.549231 0.647368 0.040000 0.089474
