0 0.194444 0.280055 0.042857 0.106557
0 0.230952 0.274590 0.042857 0.106557
0 0.286508 0.269126 0.042857 0.106557
0 0.196032 0.381148 0.042857 0.106557
0 0.238889 0.375683 0.042857 0.106557
0 0.289683 0.372951 0.042857 0.106557
0 0.199206 0.474044 0.042857 0.106557
0 0.242063 0.476776 0.042857 0.106557
0 0.453175 0.468579 0.042857 0.106557
0 0.207143 0.684426 0.042857 0.106557
0 0.243651 0.678962 0.042857 0.106557
0 0.283333 0.681694 0.042857 0.106557
0 0.529365 0.651639 0.042857 0.106557
0 0.562698 0.648907 0.042857 0.106557
