0 0.199594 0.253409 0.039242 0.093182
0 0.233424 0.253409 0.039242 0.093182
0 0.287551 0.255682 0.039242 0.093182
0 0.198241 0.346591 0.039242 0.093182
0 0.237483 0.353409 0.039242 0.093182
0 0.287551 0.348864 0.039242 0.093182
0 0.196888 0.444318 0.039242 0.093182
0 0.236130 0.448864 0.039242 0.093182
0 0.440460 0.464773 0.039242 0.093182
0 0.194181 0.630682 0.039242 0.093182
0 0.232070 0.635227 0.039242 0.093182
0 0.268606 0.637500 0.039242 0.093182
0 0.501353 0.653409 0.039242 0.093182
0 0.540595 0.660227 0.039242 0.093182
1 0.370095 0.261364 0.020298 0.086364
1 0.406631 0.365909 0.020298 0.086364
1 0.311908 0.638636 0.020298 0.086364
1 0.348444 0.640909 0.020298 0.086364
1 0.406631 0.643182 0.020298 0.086364
1 0.624493 0.662500 0.023004 0.097727
