0 0.180822 0.263415 0.038356 0.107317
0 0.223288 0.263415 0.038356 0.107317
0 0.276712 0.268293 0.038356 0.107317
0 0.182192 0.370732 0.038356 0.107317
0 0.220548 0.373171 0.038356 0.107317
0 0.276712 0.373171 0.038356 0.107317
0 0.182192 0.475610 0.038356 0.107317
0 0.221918 0.480488 0.038356 0.107317
0 0.179452 0.695122 0.038356 0.107317
0 0.220548 0.690244 0.038356 0.107317
0 0.261644 0.687805 0.038356 0.107317
0 0.505479 0.678049 0.038356 0.107317
0 0.539726 0.687805 0.038356 0.107317
0 0.435616 0.473171 0.038356 0.107317
1 0.362329 0.273171 0.028767 0.112195
1 0.402055 0.363415 0.028767 0.112195
1 0.305479 0.684146 0.030137 0.104878
1 0.343836 0.689024 0.030137 0.104878
1 0.405479 0.684146 0.030137 0.104878
1 0.621918 0.681707 0.030137 0.104878
