0 0.202479 0.263158 0.044077 0.100251
0 0.242424 0.263158 0.044077 0.100251
0 0.296143 0.265664 0.044077 0.100251
0 0.201102 0.370927 0.044077 0.100251
0 0.245179 0.368421 0.044077 0.100251
0 0.297521 0.373434 0.044077 0.100251
0 0.199725 0.476190 0.044077 0.100251
0 0.241047 0.476190 0.044077 0.100251
0 0.458678 0.481203 0.044077 0.100251
0 0.199725 0.696742 0.044077 0.100251
0 0.241047 0.696742 0.044077 0.100251
0 0.278237 0.696742 0.044077 0.100251
0 0.522039 0.686717 0.044077 0.100251
0 0.559229 0.691729 0.044077 0.100251
