0 0.204448 0.248072 0.041607 0.105398
0 0.241750 0.245501 0.041607 0.105398
0 0.296270 0.242931 0.041607 0.105398
0 0.203013 0.343188 0.041607 0.105398
0 0.241750 0.350900 0.041607 0.105398
0 0.294835 0.356041 0.041607 0.105398
0 0.204448 0.456298 0.041607 0.105398
0 0.244620 0.456298 0.041607 0.105398
0 0.455524 0.458869 0.041607 0.105398
0 0.210187 0.659383 0.041607 0.105398
0 0.248924 0.661954 0.041607 0.105398
0 0.291966 0.664524 0.041607 0.105398
0 0.528694 0.667095 0.041607 0.105398
0 0.568867 0.669666 0.041607 0.105398
1 0.381636 0.244216 0.028694 0.102828
1 0.420373 0.344473 0.028694 0.102828
1 0.329986 0.663239 0.028694 0.102828
1 0.370158 0.658098 0.028694 0.102828
1 0.426112 0.668380 0.028694 0.102828
1 0.649928 0.668380 0.028694 0.102828
