0 0.188591 0.241206 0.041611 0.100503
0 0.230201 0.238693 0.041611 0.100503
0 0.281208 0.241206 0.041611 0.100503
0 0.187248 0.344221 0.041611 0.100503
0 0.226174 0.344221 0.041611 0.100503
0 0.279866 0.344221 0.041611 0.100503
0 0.185906 0.449749 0.041611 0.100503
0 0.223490 0.452261 0.041611 0.100503
0 0.434228 0.459799 0.041611 0.100503
0 0.188591 0.663317 0.041611 0.100503
0 0.226174 0.663317 0.041611 0.100503
0 0.263758 0.665829 0.041611 0.100503
0 0.501342 0.660804 0.041611 0.100503
0 0.541611 0.665829 0.041611 0.100503
1 0.362416 0.241206 0.026846 0.110553
1 0.398658 0.341709 0.026846 0.110553
1 0.308725 0.660804 0.026846 0.110553
1 0.346309 0.665829 0.026846 0.110553
1 0.400000 0.663317 0.026846 0.110553
1 0.620134 0.660804 0.026846 0.110553
