0 0.197787 0.269412 0.038728 0.096471
0 0.235131 0.274118 0.038728 0.096471
0 0.290456 0.274118 0.038728 0.096471
0 0.196404 0.370588 0.038728 0.096471
0 0.233748 0.370588 0.038728 0.096471
0 0.290456 0.370588 0.038728 0.096471
0 0.195021 0.471765 0.038728 0.096471
0 0.236515 0.476471 0.038728 0.096471
0 0.446750 0.483529 0.038728 0.096471
0 0.192254 0.674118 0.038728 0.096471
0 0.233748 0.678824 0.038728 0.096471
0 0.271093 0.678824 0.038728 0.096471
0 0.517289 0.671765 0.038728 0.096471
0 0.554633 0.671765 0.038728 0.096471
