0 0.217391 0.278462 0.038647 0.107692
0 0.252818 0.278462 0.038647 0.107692
0 0.304348 0.275385 0.038647 0.107692
0 0.220612 0.389231 0.038647 0.107692
0 0.256039 0.389231 0.038647 0.107692
0 0.309179 0.380000 0.038647 0.107692
0 0.219002 0.487692 0.038647 0.107692
0 0.257649 0.490769 0.038647 0.107692
0 0.458937 0.481538 0.038647 0.107692
0 0.225443 0.706154 0.038647 0.107692
0 0.262480 0.703077 0.038647 0.107692
0 0.302738 0.706154 0.038647 0.107692
0 0.529791 0.684615 0.038647 0.107692
0 0.566828 0.684615 0.038647 0.107692
1 0.387279 0.270769 0.027375 0.104615
1 0.427536 0.375385 0.027375 0.104615
1 0.342190 0.704615 0.027375 0.104615
1 0.377617 0.698462 0.027375 0.104615
1 0.435588 0.701538 0.027375 0.104615
1 0.643317 0.676923 0.027375 0.104615
