0 0.208672 0.280624 0.043360 0.084633
0 0.247967 0.280624 0.043360 0.084633
0 0.298103 0.280624 0.043360 0.084633
0 0.208672 0.374165 0.043360 0.084633
0 0.249322 0.374165 0.043360 0.084633
0 0.300813 0.371938 0.043360 0.084633
0 0.207317 0.465479 0.043360 0.084633
0 0.241192 0.469933 0.043360 0.084633
0 0.448509 0.467706 0.043360 0.084633
0 0.205962 0.648107 0.043360 0.084633
0 0.242547 0.650334 0.043360 0.084633
0 0.283198 0.650334 0.043360 0.084633
0 0.510840 0.650334 0.043360 0.084633
0 0.551491 0.650334 0.043360 0.084633
