0 0.206317 0.253425 0.044355 0.100457
0 0.245296 0.260274 0.044355 0.100457
0 0.300403 0.262557 0.044355 0.100457
0 0.203629 0.353881 0.044355 0.100457
0 0.243952 0.353881 0.044355 0.100457
0 0.296371 0.353881 0.044355 0.100457
0 0.202285 0.452055 0.044355 0.100457
0 0.246640 0.449772 0.044355 0.100457
0 0.453629 0.452055 0.044355 0.100457
0 0.202285 0.648402 0.044355 0.100457
0 0.239919 0.646119 0.044355 0.100457
0 0.278898 0.643836 0.044355 0.100457
0 0.510081 0.643836 0.044355 0.100457
0 0.551747 0.643836 0.044355 0.100457
1 0.382392 0.265982 0.028226 0.098174
1 0.417339 0.348174 0.028226 0.098174
1 0.327285 0.640411 0.028226 0.098174
1 0.358199 0.640411 0.028226 0.098174
1 0.423387 0.644977 0.026882 0.093607
1 0.630376 0.644977 0.026882 0.093607
