0 0.191912 0.243719 0.039706 0.090452
0 0.230147 0.243719 0.039706 0.090452
0 0.280147 0.253769 0.039706 0.090452
0 0.321324 0.256281 0.039706 0.090452
0 0.194853 0.339196 0.039706 0.090452
0 0.233088 0.344221 0.039706 0.090452
0 0.283088 0.349246 0.039706 0.090452
0 0.191912 0.434673 0.039706 0.090452
0 0.231618 0.442211 0.039706 0.090452
0 0.437500 0.454774 0.039706 0.090452
0 0.191912 0.628141 0.039706 0.090452
0 0.230147 0.633166 0.039706 0.090452
0 0.268382 0.633166 0.039706 0.090452
0 0.500735 0.653266 0.039706 0.090452
0 0.540441 0.648241 0.039706 0.090452
