0 0.186111 0.297688 0.042593 0.092486
0 0.228704 0.300578 0.042593 0.092486
0 0.284259 0.300578 0.042593 0.092486
0 0.186111 0.393064 0.042593 0.092486
0 0.285185 0.400289 0.048148 0.089595
0 0.186111 0.494220 0.042593 0.092486
0 0.228704 0.494220 0.042593 0.092486
0 0.447222 0.502890 0.042593 0.092486
0 0.186111 0.679191 0.042593 0.092486
0 0.225000 0.684971 0.042593 0.092486
0 0.267593 0.682081 0.042593 0.092486
0 0.517593 0.687861 0.042593 0.092486
0 0.558333 0.693642 0.042593 0.092486
1 0.372222 0.300578 0.025926 0.092486
1 0.411111 0.390173 0.025926 0.092486
1 0.312963 0.682081 0.025926 0.092486
1 0.351852 0.684971 0.025926 0.092486
1 0.409259 0.690751 0.025926 0.092486
1 0.640741 0.690751 0.025926 0.092486
