0 0.203125 0.279891 0.043750 0.092391
0 0.243750 0.282609 0.043750 0.092391
0 0.296875 0.274457 0.043750 0.092391
0 0.204687 0.385870 0.043750 0.092391
0 0.245312 0.383152 0.043750 0.092391
0 0.300000 0.383152 0.043750 0.092391
0 0.207813 0.491848 0.043750 0.092391
0 0.250000 0.489130 0.043750 0.092391
0 0.460938 0.470109 0.043750 0.092391
0 0.214062 0.692935 0.043750 0.092391
0 0.257812 0.690217 0.043750 0.092391
0 0.298438 0.687500 0.043750 0.092391
0 0.537500 0.665761 0.043750 0.092391
0 0.571875 0.663043 0.043750 0.092391
