0 0.196379 0.260000 0.041783 0.100000
0 0.242340 0.256250 0.047354 0.097500
0 0.292479 0.262500 0.041783 0.100000
0 0.199164 0.362500 0.041783 0.100000
0 0.238162 0.370000 0.041783 0.100000
0 0.289694 0.370000 0.041783 0.100000
0 0.194986 0.475000 0.041783 0.100000
0 0.235376 0.472500 0.041783 0.100000
0 0.451253 0.480000 0.041783 0.100000
0 0.194986 0.685000 0.041783 0.100000
0 0.235376 0.685000 0.041783 0.100000
0 0.275766 0.687500 0.041783 0.100000
0 0.517409 0.688750 0.043175 0.107500
0 0.561281 0.690000 0.041783 0.100000
