0 0.205179 0.279279 0.038513 0.099099
0 0.243692 0.281532 0.038513 0.099099
0 0.299469 0.281532 0.038513 0.099099
0 0.202523 0.371622 0.038513 0.099099
0 0.245020 0.376126 0.038513 0.099099
0 0.298141 0.378378 0.038513 0.099099
0 0.202523 0.475225 0.038513 0.099099
0 0.243692 0.477477 0.038513 0.099099
0 0.202523 0.668919 0.038513 0.099099
0 0.243692 0.677928 0.038513 0.099099
0 0.278220 0.675676 0.038513 0.099099
0 0.515936 0.673423 0.038513 0.099099
0 0.551793 0.673423 0.038513 0.099099
0 0.449535 0.481982 0.038513 0.099099
1 0.380478 0.273649 0.027888 0.092342
1 0.417663 0.381757 0.027888 0.092342
1 0.323373 0.676802 0.027888 0.092342
1 0.360558 0.672297 0.027888 0.092342
1 0.418991 0.667793 0.027888 0.092342
1 0.630146 0.665541 0.027888 0.092342
