0 0.223282 0.260391 0.039440 0.100244
0 0.261450 0.262836 0.039440 0.100244
0 0.307252 0.260391 0.039440 0.100244
0 0.223282 0.360636 0.039440 0.100244
0 0.261450 0.360636 0.039440 0.100244
0 0.305980 0.360636 0.039440 0.100244
0 0.227099 0.468215 0.039440 0.100244
0 0.263995 0.463325 0.039440 0.100244
0 0.453562 0.458435 0.039440 0.100244
0 0.230916 0.663814 0.039440 0.100244
0 0.266539 0.663814 0.039440 0.100244
0 0.304707 0.661369 0.039440 0.100244
0 0.519720 0.654034 0.039440 0.100244
0 0.554071 0.654034 0.039440 0.100244
1 0.384224 0.259169 0.027990 0.097800
1 0.422392 0.354523 0.027990 0.097800
1 0.344784 0.661369 0.025445 0.110024
1 0.379135 0.658924 0.025445 0.110024
1 0.431298 0.661369 0.025445 0.110024
1 0.628499 0.658924 0.025445 0.110024
