0 0.214407 0.291789 0.038983 0.090909
0 0.251695 0.291789 0.038983 0.090909
0 0.300847 0.291789 0.038983 0.090909
0 0.216102 0.385630 0.038983 0.090909
0 0.253390 0.391496 0.038983 0.090909
0 0.302542 0.394428 0.038983 0.090909
0 0.216102 0.488270 0.038983 0.090909
0 0.253390 0.488270 0.038983 0.090909
0 0.456780 0.491202 0.038983 0.090909
0 0.221186 0.681818 0.038983 0.090909
0 0.256780 0.681818 0.038983 0.090909
0 0.295763 0.681818 0.038983 0.090909
0 0.522881 0.690616 0.038983 0.090909
0 0.558475 0.690616 0.038983 0.090909
