0 0.194698 0.244444 0.042048 0.095238
0 0.234918 0.253968 0.042048 0.095238
0 0.287934 0.250794 0.042048 0.095238
0 0.191042 0.349206 0.042048 0.095238
0 0.231261 0.358730 0.042048 0.095238
0 0.287934 0.365079 0.042048 0.095238
0 0.191042 0.457143 0.042048 0.095238
0 0.236746 0.463492 0.042048 0.095238
0 0.450640 0.476190 0.042048 0.095238
0 0.192870 0.666667 0.042048 0.095238
0 0.233090 0.666667 0.042048 0.095238
0 0.273309 0.669841 0.042048 0.095238
0 0.514625 0.682540 0.042048 0.095238
0 0.554845 0.682540 0.042048 0.095238
1 0.374771 0.257143 0.021938 0.101587
1 0.414991 0.358730 0.021938 0.101587
1 0.318099 0.666667 0.021938 0.101587
1 0.356490 0.676190 0.021938 0.101587
1 0.414991 0.679365 0.021938 0.101587
1 0.639854 0.679365 0.021938 0.101587
