0 0.191071 0.269912 0.042857 0.097345
0 0.237500 0.272861 0.042857 0.097345
0 0.289286 0.275811 0.042857 0.097345
0 0.196429 0.367257 0.042857 0.097345
0 0.233929 0.367257 0.042857 0.097345
0 0.287500 0.376106 0.042857 0.097345
0 0.194643 0.467552 0.042857 0.097345
0 0.233929 0.467552 0.042857 0.097345
0 0.196429 0.650442 0.042857 0.097345
0 0.233929 0.653392 0.042857 0.097345
0 0.275000 0.659292 0.042857 0.097345
0 0.514286 0.659292 0.042857 0.097345
0 0.557143 0.671091 0.042857 0.097345
0 0.446429 0.464602 0.042857 0.097345
1 0.372321 0.272861 0.026786 0.097345
1 0.408036 0.373156 0.026786 0.097345
1 0.315179 0.659292 0.026786 0.097345
1 0.356250 0.662242 0.026786 0.097345
1 0.409821 0.665192 0.026786 0.097345
1 0.629464 0.668142 0.026786 0.097345
