0 0.192680 0.281609 0.040055 0.098851
0 0.234116 0.283908 0.040055 0.098851
0 0.189917 0.375862 0.040055 0.098851
0 0.229972 0.375862 0.040055 0.098851
0 0.282459 0.293103 0.040055 0.098851
0 0.281077 0.385057 0.040055 0.098851
0 0.188536 0.474713 0.040055 0.098851
0 0.229972 0.479310 0.040055 0.098851
0 0.437155 0.488506 0.040055 0.098851
0 0.184392 0.658621 0.040055 0.098851
0 0.223066 0.670115 0.040055 0.098851
0 0.261740 0.670115 0.040055 0.098851
0 0.500691 0.683908 0.040055 0.098851
0 0.537983 0.688506 0.040055 0.098851
1 0.365331 0.291954 0.026243 0.087356
1 0.405387 0.390805 0.029006 0.105747
1 0.303177 0.671264 0.029006 0.105747
1 0.340470 0.673563 0.029006 0.105747
1 0.401243 0.678161 0.029006 0.105747
1 0.622238 0.698851 0.029006 0.105747
