0 0.195144 0.266340 0.041367 0.107843
0 0.234712 0.266340 0.041367 0.107843
0 0.285072 0.269608 0.041367 0.107843
0 0.193345 0.377451 0.041367 0.107843
0 0.231115 0.377451 0.041367 0.107843
0 0.285072 0.377451 0.041367 0.107843
0 0.195144 0.485294 0.041367 0.107843
0 0.238309 0.488562 0.041367 0.107843
0 0.443345 0.498366 0.041367 0.107843
0 0.191547 0.697712 0.041367 0.107843
0 0.232914 0.697712 0.041367 0.107843
0 0.272482 0.700980 0.041367 0.107843
0 0.515288 0.717320 0.041367 0.107843
0 0.551259 0.714052 0.041367 0.107843
1 0.375000 0.279412 0.026978 0.101307
1 0.409173 0.387255 0.026978 0.101307
1 0.317446 0.704248 0.026978 0.101307
1 0.353417 0.710784 0.026978 0.101307
1 0.412770 0.704248 0.026978 0.101307
1 0.630396 0.714052 0.026978 0.101307
