0 0.203614 0.277042 0.043373 0.099338
0 0.243373 0.279249 0.043373 0.099338
0 0.300000 0.281457 0.043373 0.099338
0 0.202410 0.385210 0.043373 0.099338
0 0.246988 0.389625 0.043373 0.099338
0 0.295783 0.392936 0.044578 0.110375
0 0.203012 0.496689 0.044578 0.110375
0 0.243976 0.498896 0.044578 0.110375
0 0.203012 0.706402 0.044578 0.110375
0 0.243976 0.708609 0.044578 0.110375
0 0.284940 0.710817 0.044578 0.110375
0 0.451205 0.507726 0.044578 0.110375
0 0.556627 0.720751 0.036145 0.121413
0 0.516867 0.720751 0.036145 0.121413
