0 0.196062 0.272590 0.035959 0.099398
0 0.235445 0.275602 0.035959 0.099398
0 0.197774 0.381024 0.035959 0.099398
0 0.235445 0.378012 0.035959 0.099398
0 0.199486 0.486446 0.035959 0.099398
0 0.238870 0.480422 0.035959 0.099398
0 0.201199 0.694277 0.035959 0.099398
0 0.238870 0.697289 0.035959 0.099398
0 0.279966 0.688253 0.035959 0.099398
0 0.290240 0.269578 0.035959 0.099398
0 0.290240 0.384036 0.035959 0.099398
0 0.451199 0.483434 0.035959 0.099398
0 0.526541 0.691265 0.035959 0.099398
0 0.565925 0.688253 0.035959 0.099398
