0 0.199125 0.247890 0.043764 0.116034
0 0.243982 0.247890 0.043764 0.116034
0 0.297593 0.245781 0.043764 0.116034
0 0.298687 0.363924 0.043764 0.116034
0 0.243982 0.368143 0.043764 0.116034
0 0.200219 0.366034 0.043764 0.116034
0 0.203501 0.467300 0.043764 0.116034
0 0.245077 0.471519 0.043764 0.116034
0 0.461707 0.484177 0.043764 0.116034
0 0.204595 0.701477 0.043764 0.116034
0 0.250547 0.701477 0.043764 0.116034
0 0.295405 0.701477 0.043764 0.116034
0 0.526258 0.693038 0.043764 0.116034
0 0.566740 0.697257 0.043764 0.116034
1 0.386214 0.254219 0.028446 0.107595
1 0.425602 0.363924 0.028446 0.107595
1 0.334792 0.699367 0.028446 0.107595
1 0.368709 0.699367 0.028446 0.107595
1 0.425602 0.701477 0.028446 0.107595
1 0.638950 0.695148 0.028446 0.107595
