0 0.210396 0.293539 0.041254 0.098315
0 0.246700 0.301966 0.041254 0.098315
0 0.299505 0.299157 0.041254 0.098315
0 0.208746 0.389045 0.041254 0.098315
0 0.248350 0.394663 0.041254 0.098315
0 0.301155 0.391854 0.041254 0.098315
0 0.208746 0.492978 0.041254 0.098315
0 0.248350 0.490169 0.041254 0.098315
0 0.456271 0.490169 0.041254 0.098315
0 0.208746 0.689607 0.041254 0.098315
0 0.251650 0.686798 0.041254 0.098315
0 0.289604 0.686798 0.041254 0.098315
0 0.523927 0.686798 0.041254 0.098315
0 0.560231 0.683989 0.041254 0.098315
