0 0.207155 0.270393 0.038270 0.093656
0 0.245424 0.261329 0.038270 0.093656
0 0.293677 0.255287 0.038270 0.093656
0 0.208819 0.370091 0.038270 0.093656
0 0.248752 0.367069 0.038270 0.093656
0 0.297005 0.361027 0.038270 0.093656
0 0.207155 0.472810 0.038270 0.093656
0 0.248752 0.472810 0.038270 0.093656
0 0.456739 0.460725 0.038270 0.093656
0 0.212146 0.678248 0.038270 0.093656
0 0.253744 0.678248 0.038270 0.093656
0 0.292013 0.675227 0.038270 0.093656
0 0.526622 0.657100 0.038270 0.093656
0 0.566556 0.657100 0.038270 0.093656
1 0.380200 0.255287 0.028286 0.099698
1 0.420133 0.358006 0.028286 0.099698
1 0.331947 0.669184 0.028286 0.099698
1 0.371880 0.669184 0.028286 0.099698
1 0.430116 0.669184 0.028286 0.099698
1 0.644759 0.648036 0.028286 0.099698
