0 0.205592 0.263554 0.039474 0.093373
0 0.241776 0.260542 0.039474 0.093373
0 0.292763 0.263554 0.039474 0.093373
0 0.203947 0.368976 0.039474 0.093373
0 0.241776 0.371988 0.039474 0.093373
0 0.292763 0.371988 0.039474 0.093373
0 0.210526 0.477410 0.039474 0.093373
0 0.245066 0.471386 0.039474 0.093373
0 0.442434 0.474398 0.039474 0.093373
0 0.213816 0.676205 0.039474 0.093373
0 0.250000 0.679217 0.039474 0.093373
0 0.286184 0.679217 0.039474 0.093373
0 0.518092 0.679217 0.039474 0.093373
0 0.552632 0.685241 0.039474 0.093373
1 0.369243 0.263554 0.031250 0.105422
1 0.408717 0.362952 0.031250 0.105422
1 0.326480 0.670181 0.031250 0.105422
1 0.357730 0.673193 0.031250 0.105422
1 0.418586 0.673193 0.031250 0.105422
1 0.634046 0.682229 0.031250 0.105422
