0 0.204327 0.287535 0.040064 0.087819
0 0.242788 0.287535 0.040064 0.087819
0 0.294071 0.281870 0.040064 0.087819
0 0.205929 0.386686 0.040064 0.087819
0 0.249199 0.386686 0.040064 0.087819
0 0.294071 0.383853 0.040064 0.087819
0 0.207532 0.485836 0.040064 0.087819
0 0.244391 0.485836 0.040064 0.087819
0 0.451122 0.468839 0.040064 0.087819
0 0.212340 0.684136 0.040064 0.087819
0 0.252404 0.684136 0.040064 0.087819
0 0.284455 0.684136 0.040064 0.087819
0 0.521635 0.661473 0.040064 0.087819
0 0.560096 0.661473 0.040064 0.087819
1 0.374199 0.277620 0.030449 0.101983
1 0.415865 0.371105 0.030449 0.101983
1 0.335737 0.679887 0.030449 0.101983
1 0.372596 0.679887 0.030449 0.101983
1 0.430288 0.668555 0.030449 0.101983
1 0.638622 0.660057 0.030449 0.101983
