0 0.206897 0.279006 0.041979 0.116022
0 0.247376 0.281768 0.041979 0.116022
0 0.206897 0.386740 0.041979 0.116022
0 0.250375 0.378453 0.041979 0.116022
0 0.295352 0.273481 0.041979 0.116022
0 0.299850 0.375691 0.041979 0.116022
0 0.209895 0.491713 0.041979 0.116022
0 0.250375 0.488950 0.041979 0.116022
0 0.454273 0.472376 0.041979 0.116022
0 0.214393 0.687845 0.041979 0.116022
0 0.253373 0.693370 0.041979 0.116022
0 0.290855 0.690608 0.041979 0.116022
0 0.527736 0.662983 0.041979 0.116022
0 0.566717 0.665746 0.041979 0.116022
1 0.380060 0.270718 0.028486 0.099448
1 0.420540 0.367403 0.028486 0.099448
1 0.335082 0.690608 0.028486 0.099448
1 0.374063 0.690608 0.028486 0.099448
1 0.431034 0.676796 0.028486 0.099448
1 0.642429 0.651934 0.028486 0.099448
