0 0.205722 0.293233 0.040872 0.100251
0 0.243869 0.293233 0.040872 0.100251
0 0.297003 0.290727 0.040872 0.100251
0 0.204360 0.401003 0.040872 0.100251
0 0.243869 0.406015 0.040872 0.100251
0 0.297003 0.401003 0.040872 0.100251
0 0.204360 0.508772 0.040872 0.100251
0 0.246594 0.506266 0.040872 0.100251
0 0.453678 0.506266 0.040872 0.100251
0 0.205722 0.716792 0.040872 0.100251
0 0.247956 0.714286 0.040872 0.100251
0 0.284741 0.711779 0.040872 0.100251
0 0.521798 0.714286 0.040872 0.100251
0 0.558583 0.714286 0.040872 0.100251
