0 0.200769 0.279412 0.044615 0.098930
0 0.240769 0.276738 0.044615 0.098930
0 0.297692 0.279412 0.044615 0.098930
0 0.200769 0.381016 0.044615 0.098930
0 0.243846 0.381016 0.044615 0.098930
0 0.291538 0.375668 0.044615 0.098930
0 0.205385 0.482620 0.044615 0.098930
0 0.246923 0.479947 0.044615 0.098930
0 0.454615 0.458556 0.044615 0.098930
0 0.213077 0.677807 0.044615 0.098930
0 0.250000 0.677807 0.044615 0.098930
0 0.294615 0.677807 0.044615 0.098930
0 0.522308 0.648396 0.044615 0.098930
0 0.557692 0.648396 0.044615 0.098930
1 0.376923 0.266043 0.027692 0.088235
1 0.418462 0.367647 0.027692 0.088235
1 0.330769 0.676471 0.027692 0.101604
1 0.368462 0.676471 0.029231 0.112299
1 0.430769 0.663102 0.027692 0.101604
1 0.643077 0.639037 0.027692 0.101604
