0 0.187424 0.269376 0.047619 0.100189
0 0.230159 0.273157 0.047619 0.100189
0 0.286325 0.280718 0.047619 0.100189
0 0.183761 0.365784 0.047619 0.100189
0 0.225275 0.373346 0.047619 0.100189
0 0.283883 0.382798 0.047619 0.100189
0 0.183761 0.465974 0.047619 0.100189
0 0.228938 0.469754 0.047619 0.100189
0 0.447497 0.488658 0.047619 0.100189
0 0.180098 0.647448 0.047619 0.100189
0 0.221612 0.647448 0.047619 0.100189
0 0.268010 0.653119 0.047619 0.100189
0 0.506716 0.678639 0.041514 0.113422
0 0.548230 0.680529 0.041514 0.113422
1 0.377289 0.289225 0.029304 0.090737
1 0.417582 0.387524 0.029304 0.090737
1 0.312576 0.663516 0.029304 0.090737
1 0.347985 0.669187 0.029304 0.090737
1 0.410256 0.663516 0.029304 0.090737
1 0.626374 0.684310 0.029304 0.090737
