0 0.218012 0.268559 0.040994 0.096070
0 0.257764 0.268559 0.040994 0.096070
0 0.306211 0.268559 0.040994 0.096070
0 0.220497 0.368996 0.040994 0.096070
0 0.263975 0.364629 0.040994 0.096070
0 0.312422 0.364629 0.040994 0.096070
0 0.226708 0.473799 0.040994 0.096070
0 0.263975 0.473799 0.040994 0.096070
0 0.427950 0.465066 0.040994 0.096070
0 0.468944 0.469432 0.040994 0.096070
0 0.230435 0.661572 0.040994 0.096070
0 0.270186 0.661572 0.040994 0.096070
0 0.314907 0.661572 0.040994 0.096070
0 0.534783 0.659389 0.040994 0.096070
0 0.574534 0.659389 0.040994 0.096070
