0 0.199503 0.299080 0.041391 0.113497
0 0.235927 0.305215 0.041391 0.113497
0 0.292219 0.292945 0.041391 0.113497
0 0.201159 0.406442 0.041391 0.113497
0 0.240894 0.406442 0.041391 0.113497
0 0.295530 0.406442 0.041391 0.113497
0 0.202815 0.516871 0.041391 0.113497
0 0.242550 0.519939 0.041391 0.113497
0 0.456126 0.495399 0.041391 0.113497
0 0.209437 0.734663 0.041391 0.113497
0 0.249172 0.728528 0.041391 0.113497
0 0.287252 0.722393 0.041391 0.113497
0 0.532285 0.697853 0.041391 0.113497
0 0.567053 0.694785 0.041391 0.113497
1 0.376656 0.285276 0.024834 0.104294
1 0.418046 0.386503 0.024834 0.104294
1 0.335265 0.714724 0.024834 0.104294
1 0.375000 0.714724 0.024834 0.104294
1 0.436258 0.711656 0.024834 0.104294
1 0.651490 0.684049 0.024834 0.104294
