0 0.204683 0.255287 0.040785 0.105740
0 0.242447 0.255287 0.040785 0.105740
0 0.292296 0.249245 0.040785 0.105740
0 0.204683 0.370091 0.040785 0.105740
0 0.245468 0.367069 0.040785 0.105740
0 0.298338 0.361027 0.040785 0.105740
0 0.209215 0.481873 0.040785 0.105740
0 0.248489 0.478852 0.040785 0.105740
0 0.452417 0.463746 0.040785 0.105740
0 0.212236 0.702417 0.040785 0.105740
0 0.254532 0.702417 0.040785 0.105740
0 0.290785 0.702417 0.040785 0.105740
0 0.526435 0.687311 0.040785 0.105740
0 0.565710 0.687311 0.040785 0.105740
