0 0.196023 0.240642 0.046591 0.099822
0 0.191477 0.336898 0.046591 0.099822
0 0.186932 0.436720 0.046591 0.099822
0 0.177841 0.609626 0.046591 0.099822
0 0.217614 0.625668 0.046591 0.099822
0 0.260795 0.636364 0.046591 0.099822
0 0.228977 0.436720 0.046591 0.099822
0 0.239205 0.345811 0.046591 0.099822
0 0.243750 0.254902 0.046591 0.099822
0 0.299432 0.267380 0.046591 0.099822
0 0.289205 0.358289 0.046591 0.099822
0 0.443750 0.477718 0.046591 0.099822
0 0.501136 0.656863 0.038636 0.090909
0 0.535227 0.662210 0.038636 0.090909
