0 0.189858 0.260163 0.040094 0.093496
0 0.186321 0.361789 0.040094 0.093496
0 0.186321 0.473577 0.040094 0.093496
0 0.229953 0.264228 0.040094 0.093496
0 0.227594 0.371951 0.040094 0.093496
0 0.227594 0.471545 0.040094 0.093496
0 0.287736 0.272358 0.040094 0.093496
0 0.283019 0.380081 0.040094 0.093496
0 0.437500 0.500000 0.040094 0.093496
0 0.182783 0.672764 0.040094 0.093496
0 0.220519 0.672764 0.040094 0.093496
0 0.261792 0.680894 0.040094 0.093496
0 0.492925 0.703252 0.040094 0.093496
0 0.534198 0.707317 0.040094 0.093496
