0 0.206192 0.253813 0.040843 0.084967
0 0.247036 0.251634 0.040843 0.084967
0 0.298419 0.251634 0.040843 0.084967
0 0.206192 0.345316 0.040843 0.084967
0 0.244401 0.343137 0.040843 0.084967
0 0.297101 0.347495 0.040843 0.084967
0 0.206192 0.436819 0.040843 0.084967
0 0.241765 0.438998 0.040843 0.084967
0 0.447299 0.438998 0.040843 0.084967
0 0.204875 0.630719 0.040843 0.084967
0 0.244401 0.624183 0.040843 0.084967
0 0.281291 0.624183 0.040843 0.084967
0 0.509223 0.624183 0.040843 0.084967
0 0.547431 0.626362 0.040843 0.084967
1 0.378129 0.251634 0.026350 0.080610
1 0.416337 0.350763 0.026350 0.087146
1 0.322793 0.623094 0.026350 0.087146
1 0.355731 0.625272 0.026350 0.087146
1 0.415020 0.618736 0.026350 0.087146
1 0.624506 0.629630 0.026350 0.087146
