0 0.216935 0.267647 0.037097 0.100000
0 0.254032 0.267647 0.037097 0.100000
0 0.305645 0.267647 0.037097 0.100000
0 0.220161 0.373529 0.037097 0.100000
0 0.257258 0.376471 0.037097 0.100000
0 0.308871 0.370588 0.037097 0.100000
0 0.221774 0.476471 0.037097 0.100000
0 0.260484 0.479412 0.037097 0.100000
0 0.462097 0.467647 0.037097 0.100000
0 0.228226 0.682353 0.037097 0.100000
0 0.265323 0.685294 0.037097 0.100000
0 0.302419 0.688235 0.037097 0.100000
0 0.536290 0.673529 0.037097 0.100000
0 0.576613 0.673529 0.037097 0.100000
1 0.387097 0.266176 0.025806 0.108824
1 0.430645 0.357353 0.025806 0.108824
1 0.343548 0.680882 0.025806 0.108824
1 0.382258 0.675000 0.025806 0.108824
1 0.440323 0.666176 0.025806 0.108824
1 0.658065 0.657353 0.025806 0.108824
