0 0.235915 0.273669 0.042254 0.085799
0 0.274648 0.273669 0.042254 0.085799
0 0.327465 0.279586 0.042254 0.085799
0 0.234155 0.371302 0.042254 0.085799
0 0.272887 0.371302 0.042254 0.085799
0 0.325704 0.377219 0.042254 0.085799
0 0.230634 0.468935 0.042254 0.085799
0 0.274648 0.468935 0.042254 0.085799
0 0.482394 0.480769 0.042254 0.085799
0 0.234155 0.658284 0.042254 0.085799
0 0.279930 0.661243 0.042254 0.085799
0 0.311620 0.658284 0.042254 0.085799
0 0.545775 0.670118 0.042254 0.085799
0 0.579225 0.676036 0.042254 0.085799
