0 0.212604 0.260652 0.040166 0.100251
0 0.251385 0.263158 0.040166 0.100251
0 0.302632 0.255639 0.040166 0.100251
0 0.213989 0.368421 0.040166 0.100251
0 0.255540 0.363409 0.040166 0.100251
0 0.301247 0.363409 0.040166 0.100251
0 0.216759 0.458647 0.040166 0.100251
0 0.255540 0.461153 0.040166 0.100251
0 0.454986 0.466165 0.040166 0.100251
0 0.218144 0.659148 0.040166 0.100251
0 0.258310 0.659148 0.040166 0.100251
0 0.297091 0.664160 0.040166 0.100251
0 0.520083 0.671679 0.040166 0.100251
0 0.561634 0.671679 0.040166 0.100251
1 0.334488 0.664160 0.026316 0.100251
1 0.373269 0.664160 0.026316 0.100251
1 0.427285 0.664160 0.026316 0.100251
1 0.378809 0.263158 0.026316 0.100251
1 0.420360 0.360902 0.026316 0.100251
1 0.643352 0.669173 0.026316 0.100251
