0 0.187575 0.280000 0.043011 0.104000
0 0.232975 0.288000 0.043011 0.104000
0 0.283154 0.288000 0.043011 0.104000
0 0.186380 0.376000 0.043011 0.104000
0 0.230585 0.384000 0.043011 0.104000
0 0.283154 0.392000 0.043011 0.104000
0 0.185185 0.480000 0.043011 0.104000
0 0.229391 0.488000 0.045400 0.092000
0 0.437276 0.516000 0.045400 0.092000
0 0.183393 0.681000 0.039427 0.094000
0 0.220430 0.681000 0.039427 0.094000
0 0.264636 0.687000 0.039427 0.094000
0 0.498805 0.711000 0.039427 0.094000
0 0.537037 0.717000 0.039427 0.094000
