0 0.207679 0.252976 0.041885 0.101190
0 0.246073 0.252976 0.041885 0.101190
0 0.296684 0.255952 0.041885 0.101190
0 0.209424 0.351190 0.041885 0.101190
0 0.247818 0.354167 0.041885 0.101190
0 0.294939 0.357143 0.041885 0.101190
0 0.209424 0.452381 0.041885 0.101190
0 0.246073 0.452381 0.041885 0.101190
0 0.450262 0.461310 0.041885 0.101190
0 0.205934 0.642857 0.041885 0.101190
0 0.244328 0.642857 0.041885 0.101190
0 0.284468 0.642857 0.041885 0.101190
0 0.513089 0.654762 0.041885 0.101190
0 0.554974 0.651786 0.041885 0.101190
1 0.381326 0.257440 0.026178 0.092262
1 0.417976 0.364583 0.026178 0.092262
1 0.323735 0.647321 0.026178 0.092262
1 0.363874 0.650298 0.026178 0.092262
1 0.417976 0.653274 0.026178 0.092262
1 0.632635 0.650298 0.026178 0.092262
