0 0.209283 0.279167 0.040717 0.091667
0 0.246743 0.279167 0.040717 0.091667
0 0.297231 0.281944 0.040717 0.091667
0 0.210912 0.376389 0.040717 0.091667
0 0.248371 0.376389 0.040717 0.091667
0 0.298860 0.379167 0.040717 0.091667
0 0.212541 0.470833 0.040717 0.091667
0 0.251629 0.473611 0.040717 0.091667
0 0.451954 0.476389 0.040717 0.091667
0 0.212541 0.662500 0.040717 0.091667
0 0.254886 0.662500 0.040717 0.091667
0 0.292345 0.668056 0.040717 0.091667
0 0.521987 0.670833 0.040717 0.091667
0 0.559446 0.668056 0.040717 0.091667
1 0.375407 0.277778 0.030945 0.105556
1 0.411238 0.366667 0.030945 0.105556
1 0.333062 0.666667 0.030945 0.105556
1 0.367264 0.666667 0.030945 0.105556
1 0.422638 0.675000 0.030945 0.105556
1 0.637622 0.672222 0.030945 0.105556
