0 0.205916 0.253165 0.045506 0.105485
0 0.248009 0.253165 0.045506 0.105485
0 0.294653 0.259494 0.045506 0.105485
0 0.208191 0.362869 0.045506 0.105485
0 0.249147 0.360759 0.045506 0.105485
0 0.292378 0.362869 0.045506 0.105485
0 0.205916 0.470464 0.045506 0.105485
0 0.252560 0.474684 0.045506 0.105485
0 0.456200 0.470464 0.045506 0.105485
0 0.207053 0.685654 0.045506 0.105485
0 0.248009 0.689873 0.045506 0.105485
0 0.292378 0.689873 0.045506 0.105485
0 0.522184 0.698312 0.045506 0.105485
0 0.562002 0.694093 0.045506 0.105485
1 0.331627 0.687764 0.026166 0.109705
1 0.366894 0.691983 0.026166 0.109705
1 0.421502 0.689873 0.026166 0.109705
1 0.644482 0.689873 0.026166 0.109705
