0 0.185356 0.250000 0.040897 0.108491
0 0.224934 0.247642 0.040897 0.108491
0 0.276385 0.247642 0.040897 0.108491
0 0.184037 0.351415 0.040897 0.108491
0 0.223615 0.356132 0.040897 0.108491
0 0.273747 0.353774 0.040897 0.108491
0 0.185356 0.455189 0.040897 0.108491
0 0.224934 0.457547 0.040897 0.108491
0 0.429420 0.459906 0.040897 0.108491
0 0.184037 0.655660 0.040897 0.108491
0 0.223615 0.658019 0.040897 0.108491
0 0.261873 0.658019 0.040897 0.108491
0 0.495383 0.672170 0.040897 0.108491
0 0.533641 0.672170 0.040897 0.108491
