0 0.206388 0.244292 0.039312 0.100457
0 0.244472 0.239726 0.039312 0.100457
0 0.296069 0.244292 0.039312 0.100457
0 0.207617 0.349315 0.039312 0.100457
0 0.244472 0.349315 0.039312 0.100457
0 0.293612 0.347032 0.039312 0.100457
0 0.208845 0.452055 0.039312 0.100457
0 0.250614 0.461187 0.039312 0.100457
0 0.448403 0.461187 0.039312 0.100457
0 0.212531 0.662100 0.039312 0.100457
0 0.248157 0.664384 0.039312 0.100457
0 0.286241 0.664384 0.039312 0.100457
0 0.517199 0.668950 0.039312 0.100457
0 0.551597 0.675799 0.039312 0.100457
