0 0.208101 0.278846 0.041899 0.091346
0 0.245810 0.278846 0.041899 0.091346
0 0.294693 0.281250 0.041899 0.091346
0 0.206704 0.372596 0.041899 0.091346
0 0.248603 0.372596 0.041899 0.091346
0 0.294693 0.372596 0.041899 0.091346
0 0.208101 0.468750 0.041899 0.091346
0 0.244413 0.468750 0.041899 0.091346
0 0.444134 0.471154 0.041899 0.091346
0 0.209497 0.658654 0.041899 0.091346
0 0.247207 0.656250 0.041899 0.091346
0 0.286313 0.656250 0.041899 0.091346
0 0.509777 0.661058 0.041899 0.091346
0 0.547486 0.665865 0.041899 0.091346
1 0.373603 0.281250 0.023743 0.091346
1 0.412709 0.372596 0.023743 0.091346
1 0.326117 0.663462 0.023743 0.091346
1 0.358240 0.663462 0.023743 0.091346
1 0.418296 0.658654 0.023743 0.091346
1 0.626397 0.665865 0.023743 0.091346
