0 0.185462 0.274074 0.039402 0.098765
0 0.227582 0.274074 0.039402 0.098765
0 0.281929 0.281481 0.039402 0.098765
0 0.186821 0.387654 0.039402 0.098765
0 0.228940 0.387654 0.039402 0.098765
0 0.280571 0.387654 0.039402 0.098765
0 0.188179 0.488889 0.039402 0.098765
0 0.228940 0.493827 0.039402 0.098765
0 0.436821 0.498765 0.039402 0.098765
0 0.185462 0.703704 0.039402 0.098765
0 0.226223 0.706173 0.039402 0.098765
0 0.266984 0.711111 0.039402 0.098765
0 0.500679 0.701235 0.039402 0.098765
0 0.541440 0.703704 0.039402 0.098765
1 0.365489 0.279012 0.027174 0.098765
1 0.400815 0.385185 0.027174 0.098765
1 0.308424 0.703704 0.027174 0.098765
1 0.345109 0.701235 0.027174 0.098765
1 0.403533 0.701235 0.027174 0.098765
1 0.620924 0.701235 0.027174 0.098765
