0 0.202381 0.279018 0.044974 0.093750
0 0.238095 0.279018 0.044974 0.093750
0 0.289683 0.283482 0.044974 0.093750
0 0.201058 0.377232 0.044974 0.093750
0 0.240741 0.381696 0.044974 0.093750
0 0.294974 0.372768 0.044974 0.093750
0 0.198413 0.468750 0.044974 0.093750
0 0.240741 0.475446 0.044974 0.093750
0 0.452381 0.468750 0.044974 0.093750
0 0.197090 0.660714 0.044974 0.093750
0 0.242063 0.660714 0.044974 0.093750
0 0.287037 0.660714 0.044974 0.093750
0 0.511905 0.665179 0.044974 0.093750
0 0.550265 0.669643 0.044974 0.093750
1 0.376984 0.286830 0.021164 0.095982
1 0.414021 0.371652 0.021164 0.095982
1 0.415344 0.659598 0.021164 0.095982
1 0.359788 0.666295 0.021164 0.095982
1 0.322751 0.661830 0.021164 0.095982
1 0.633598 0.666295 0.023810 0.104911
