0 0.205803 0.262315 0.039136 0.100985
0 0.240891 0.257389 0.039136 0.100985
0 0.293522 0.257389 0.039136 0.100985
0 0.207152 0.363300 0.039136 0.100985
0 0.244939 0.365764 0.039136 0.100985
0 0.294872 0.363300 0.039136 0.100985
0 0.207152 0.469212 0.039136 0.100985
0 0.247638 0.469212 0.039136 0.100985
0 0.448718 0.456897 0.039136 0.100985
0 0.209852 0.658867 0.039136 0.100985
0 0.251687 0.661330 0.039136 0.100985
0 0.289474 0.671182 0.039136 0.100985
0 0.516194 0.658867 0.039136 0.100985
0 0.555331 0.658867 0.039136 0.100985
1 0.375169 0.257389 0.024291 0.100985
1 0.417004 0.355911 0.024291 0.100985
1 0.330634 0.658867 0.024291 0.100985
1 0.367072 0.658867 0.024291 0.100985
1 0.423752 0.661330 0.024291 0.100985
1 0.635628 0.656404 0.024291 0.100985
