0 0.214929 0.256127 0.041184 0.110294
0 0.252252 0.253676 0.041184 0.110294
0 0.302445 0.256127 0.041184 0.110294
0 0.216216 0.363971 0.041184 0.110294
0 0.252252 0.361520 0.041184 0.110294
0 0.302445 0.361520 0.041184 0.110294
0 0.220077 0.464461 0.041184 0.110294
0 0.257400 0.471814 0.041184 0.110294
0 0.453024 0.464461 0.041184 0.110294
0 0.220077 0.670343 0.041184 0.110294
0 0.259974 0.667892 0.041184 0.110294
0 0.297297 0.665441 0.041184 0.110294
0 0.517375 0.665441 0.041184 0.110294
0 0.553411 0.667892 0.041184 0.110294
1 0.382883 0.250000 0.027027 0.093137
1 0.418919 0.352941 0.027027 0.093137
1 0.339768 0.667892 0.025740 0.120098
1 0.374517 0.667892 0.025740 0.120098
1 0.424710 0.670343 0.025740 0.120098
1 0.635779 0.665441 0.025740 0.120098
