0 0.206229 0.275362 0.038721 0.098551
0 0.239899 0.281159 0.038721 0.098551
0 0.292088 0.284058 0.038721 0.098551
0 0.202862 0.376812 0.038721 0.098551
0 0.241582 0.376812 0.038721 0.098551
0 0.293771 0.382609 0.038721 0.098551
0 0.202862 0.475362 0.038721 0.098551
0 0.241582 0.478261 0.038721 0.098551
0 0.443603 0.484058 0.038721 0.098551
0 0.206229 0.672464 0.038721 0.098551
0 0.241582 0.669565 0.038721 0.098551
0 0.280303 0.669565 0.038721 0.098551
0 0.510943 0.672464 0.038721 0.098551
0 0.547980 0.672464 0.038721 0.098551
