0 0.194229 0.181275 0.039956 0.095618
0 0.233074 0.187251 0.039956 0.095618
0 0.286349 0.197211 0.039956 0.095618
0 0.193119 0.294821 0.039956 0.095618
0 0.234184 0.296813 0.039956 0.095618
0 0.284129 0.304781 0.039956 0.095618
0 0.229745 0.400398 0.039956 0.095618
0 0.193119 0.396414 0.039956 0.095618
0 0.190899 0.601594 0.039956 0.095618
0 0.439512 0.426295 0.039956 0.095618
0 0.230855 0.607570 0.039956 0.095618
0 0.269700 0.613546 0.039956 0.095618
0 0.501665 0.633466 0.039956 0.095618
0 0.538291 0.645418 0.039956 0.095618
