0 0.202413 0.289227 0.040214 0.100703
0 0.243968 0.293911 0.040214 0.100703
0 0.201072 0.389930 0.040214 0.100703
0 0.243968 0.396956 0.040214 0.100703
0 0.296247 0.293911 0.040214 0.100703
0 0.297587 0.396956 0.040214 0.100703
0 0.202413 0.495316 0.040214 0.100703
0 0.242627 0.500000 0.040214 0.100703
0 0.451743 0.500000 0.040214 0.100703
0 0.201072 0.696721 0.040214 0.100703
0 0.242627 0.696721 0.040214 0.100703
0 0.280161 0.699063 0.040214 0.100703
0 0.513405 0.692037 0.040214 0.100703
0 0.552279 0.692037 0.040214 0.100703
1 0.380027 0.300937 0.025469 0.100703
1 0.417560 0.394614 0.025469 0.100703
1 0.326408 0.692037 0.025469 0.100703
1 0.361260 0.692037 0.025469 0.100703
1 0.421582 0.701405 0.025469 0.100703
1 0.628016 0.692037 0.025469 0.100703
