0 0.193133 0.270305 0.042918 0.093909
0 0.236052 0.272843 0.042918 0.093909
0 0.284692 0.272843 0.042918 0.093909
0 0.194564 0.376904 0.042918 0.093909
0 0.230329 0.376904 0.042918 0.093909
0 0.281831 0.374365 0.042918 0.093909
0 0.194564 0.470812 0.042918 0.093909
0 0.234621 0.475888 0.042918 0.093909
0 0.440629 0.475888 0.042918 0.093909
0 0.195994 0.676396 0.042918 0.093909
0 0.233190 0.684010 0.042918 0.093909
0 0.273247 0.681472 0.042918 0.093909
0 0.510730 0.676396 0.042918 0.093909
0 0.547926 0.673858 0.042918 0.093909
1 0.369099 0.271574 0.025751 0.096447
1 0.407725 0.375635 0.025751 0.096447
1 0.316166 0.677665 0.025751 0.096447
1 0.356223 0.675127 0.025751 0.096447
1 0.414878 0.672589 0.025751 0.096447
1 0.629471 0.675127 0.025751 0.096447
