0 0.205745 0.300000 0.041925 0.105882
0 0.247671 0.300000 0.041925 0.105882
0 0.302019 0.297059 0.041925 0.105882
0 0.207298 0.417647 0.041925 0.105882
0 0.244565 0.411765 0.041925 0.105882
0 0.300466 0.405882 0.041925 0.105882
0 0.207298 0.529412 0.041925 0.105882
0 0.249224 0.520588 0.041925 0.105882
0 0.457298 0.511765 0.041925 0.105882
0 0.210404 0.750000 0.041925 0.105882
0 0.252329 0.744118 0.041925 0.105882
0 0.289596 0.738235 0.041925 0.105882
0 0.525621 0.717647 0.041925 0.105882
0 0.569099 0.714706 0.041925 0.105882
1 0.385870 0.292647 0.023292 0.097059
1 0.423137 0.392647 0.023292 0.097059
1 0.336957 0.739706 0.027950 0.114706
1 0.368012 0.730882 0.027950 0.114706
1 0.430124 0.722059 0.027950 0.114706
1 0.642857 0.689706 0.027950 0.114706
