0 0.171141 0.298077 0.040268 0.115385
0 0.213087 0.294872 0.040268 0.115385
0 0.270134 0.285256 0.040268 0.115385
0 0.175336 0.411859 0.048658 0.099359
0 0.215604 0.399038 0.048658 0.099359
0 0.269295 0.399038 0.048658 0.099359
0 0.178691 0.520833 0.048658 0.099359
0 0.218960 0.514423 0.048658 0.099359
0 0.435403 0.498397 0.048658 0.099359
0 0.183725 0.745192 0.048658 0.099359
0 0.225671 0.745192 0.048658 0.099359
0 0.270973 0.738782 0.048658 0.099359
0 0.515940 0.706731 0.048658 0.099359
0 0.554530 0.706731 0.048658 0.099359
1 0.354866 0.278846 0.035235 0.121795
1 0.398490 0.368590 0.035235 0.121795
1 0.316275 0.733974 0.035235 0.121795
1 0.348154 0.730769 0.035235 0.121795
1 0.413591 0.724359 0.035235 0.121795
1 0.636745 0.689103 0.035235 0.121795
