0 0.189748 0.270588 0.044964 0.100000
0 0.231115 0.270588 0.044964 0.100000
0 0.281475 0.276471 0.044964 0.100000
0 0.184353 0.370588 0.044964 0.100000
0 0.227518 0.373529 0.044964 0.100000
0 0.283273 0.373529 0.044964 0.100000
0 0.184353 0.464706 0.044964 0.100000
0 0.225719 0.467647 0.044964 0.100000
0 0.437950 0.473529 0.044964 0.100000
0 0.184353 0.664706 0.044964 0.100000
0 0.227518 0.661765 0.044964 0.100000
0 0.265288 0.655882 0.044964 0.100000
0 0.502698 0.673529 0.044964 0.100000
0 0.545863 0.673529 0.044964 0.100000
