0 0.213930 0.262053 0.046434 0.104199
0 0.253731 0.260498 0.046434 0.104199
0 0.294362 0.255832 0.046434 0.104199
0 0.210614 0.363142 0.046434 0.104199
0 0.252902 0.364697 0.046434 0.104199
0 0.296849 0.363142 0.046434 0.104199
0 0.209784 0.465785 0.046434 0.104199
0 0.253731 0.467341 0.046434 0.104199
0 0.448590 0.467341 0.046434 0.104199
0 0.220564 0.664852 0.046434 0.104199
0 0.257877 0.666407 0.046434 0.104199
0 0.298507 0.663297 0.046434 0.104199
0 0.511609 0.678072 0.039801 0.108865
0 0.549751 0.676516 0.039801 0.108865
