0 0.187296 0.252260 0.046688 0.095841
0 0.232899 0.264919 0.046688 0.095841
0 0.279587 0.270344 0.046688 0.095841
0 0.182953 0.357143 0.046688 0.095841
0 0.229642 0.366184 0.046688 0.095841
0 0.278502 0.367993 0.046688 0.095841
0 0.179696 0.452984 0.046688 0.095841
0 0.223127 0.458409 0.046688 0.095841
0 0.435939 0.486438 0.040174 0.090416
0 0.184039 0.638336 0.040174 0.090416
0 0.222041 0.638336 0.040174 0.090416
0 0.262215 0.645570 0.040174 0.090416
0 0.491314 0.674503 0.040174 0.090416
0 0.528230 0.674503 0.040174 0.090416
1 0.367535 0.286618 0.024973 0.099458
1 0.405537 0.380651 0.024973 0.099458
1 0.306732 0.653707 0.024973 0.099458
1 0.340391 0.655515 0.024973 0.099458
1 0.400109 0.669982 0.024973 0.099458
1 0.594463 0.691682 0.024973 0.099458
1 0.448969 0.677215 0.024973 0.099458
