0 0.189358 0.308123 0.043818 0.100840
0 0.230047 0.308123 0.043818 0.100840
0 0.186228 0.422969 0.043818 0.100840
0 0.231612 0.414566 0.043818 0.100840
0 0.190923 0.518207 0.043818 0.100840
0 0.236307 0.512605 0.043818 0.100840
0 0.284820 0.299720 0.043818 0.100840
0 0.284820 0.400560 0.043818 0.100840
0 0.449139 0.501401 0.043818 0.100840
0 0.198748 0.733894 0.043818 0.100840
0 0.239437 0.733894 0.043818 0.100840
0 0.281690 0.731092 0.043818 0.100840
0 0.527387 0.703081 0.043818 0.100840
0 0.566510 0.697479 0.043818 0.100840
1 0.372457 0.295518 0.025039 0.092437
1 0.413146 0.396359 0.025039 0.092437
1 0.325509 0.724090 0.025039 0.109244
1 0.366197 0.715686 0.025039 0.109244
1 0.427230 0.710084 0.025039 0.109244
1 0.646322 0.682073 0.025039 0.109244
