0 0.206210 0.252226 0.042994 0.106825
0 0.244427 0.252226 0.042994 0.106825
0 0.298567 0.246291 0.042994 0.106825
0 0.206210 0.364985 0.042994 0.106825
0 0.250796 0.364985 0.042994 0.106825
0 0.300159 0.356083 0.042994 0.106825
0 0.210987 0.480712 0.042994 0.106825
0 0.250796 0.471810 0.042994 0.106825
0 0.467357 0.456973 0.042994 0.106825
0 0.217357 0.694362 0.042994 0.106825
0 0.257166 0.691395 0.042994 0.106825
0 0.296975 0.694362 0.042994 0.106825
0 0.537420 0.670623 0.042994 0.106825
0 0.575637 0.667656 0.042994 0.106825
1 0.386146 0.241840 0.027070 0.103858
1 0.430732 0.348665 0.027070 0.103858
1 0.343153 0.686944 0.027070 0.103858
1 0.382962 0.683976 0.027070 0.103858
1 0.437102 0.675074 0.027070 0.103858
1 0.660032 0.657270 0.027070 0.103858
