0 0.215818 0.308442 0.042895 0.088745
0 0.253351 0.310606 0.042895 0.088745
0 0.308311 0.306277 0.042895 0.088745
0 0.214477 0.397186 0.042895 0.088745
0 0.250670 0.401515 0.042895 0.088745
0 0.305630 0.401515 0.042895 0.088745
0 0.211796 0.490260 0.042895 0.088745
0 0.252011 0.496753 0.042895 0.088745
0 0.461126 0.498918 0.042895 0.088745
0 0.214477 0.676407 0.042895 0.088745
0 0.253351 0.678571 0.042895 0.088745
0 0.288204 0.680736 0.042895 0.088745
0 0.525469 0.676407 0.042895 0.088745
0 0.563003 0.680736 0.042895 0.088745
