0 0.204202 0.257440 0.042017 0.098214
0 0.247899 0.257440 0.042017 0.098214
0 0.204202 0.358631 0.042017 0.098214
0 0.242857 0.361607 0.042017 0.098214
0 0.293277 0.260417 0.042017 0.098214
0 0.291597 0.364583 0.042017 0.098214
0 0.205882 0.462798 0.042017 0.098214
0 0.244538 0.459821 0.042017 0.098214
0 0.456303 0.471726 0.042017 0.098214
0 0.205882 0.674107 0.042017 0.098214
0 0.247899 0.674107 0.042017 0.098214
0 0.289916 0.677083 0.042017 0.098214
0 0.530252 0.683036 0.042017 0.098214
0 0.573950 0.683036 0.042017 0.098214
