0 0.207077 0.256127 0.044561 0.120098
0 0.242464 0.251225 0.044561 0.120098
0 0.298820 0.251225 0.044561 0.120098
0 0.211009 0.356618 0.044561 0.120098
0 0.251638 0.363971 0.044561 0.120098
0 0.296199 0.361520 0.044561 0.120098
0 0.207077 0.464461 0.044561 0.120098
0 0.246396 0.464461 0.044561 0.120098
0 0.453473 0.457108 0.044561 0.120098
0 0.216252 0.675245 0.044561 0.120098
0 0.254260 0.675245 0.044561 0.120098
0 0.290957 0.672794 0.044561 0.120098
0 0.525557 0.670343 0.044561 0.120098
0 0.563565 0.667892 0.044561 0.120098
1 0.379423 0.248775 0.027523 0.110294
1 0.425295 0.346814 0.027523 0.110294
1 0.334862 0.670343 0.027523 0.110294
1 0.375491 0.670343 0.027523 0.110294
1 0.429227 0.670343 0.027523 0.110294
1 0.645478 0.667892 0.027523 0.110294
