0 0.201531 0.257336 0.043367 0.094808
0 0.243622 0.257336 0.043367 0.094808
0 0.288265 0.255079 0.043367 0.094808
0 0.205357 0.356659 0.043367 0.094808
0 0.246173 0.356659 0.043367 0.094808
0 0.290816 0.358916 0.043367 0.094808
0 0.204082 0.453725 0.043367 0.094808
0 0.241071 0.455982 0.043367 0.094808
0 0.442602 0.462754 0.043367 0.094808
0 0.205357 0.645598 0.043367 0.094808
0 0.243622 0.645598 0.043367 0.094808
0 0.281888 0.646727 0.035714 0.097065
0 0.510204 0.648984 0.035714 0.097065
0 0.545918 0.651242 0.035714 0.097065
1 0.371811 0.261851 0.024235 0.099323
1 0.408801 0.358916 0.024235 0.099323
1 0.323342 0.652370 0.024235 0.099323
1 0.364158 0.645598 0.024235 0.099323
1 0.413903 0.641084 0.024235 0.099323
1 0.626913 0.654628 0.024235 0.099323
