0 0.197447 0.262228 0.040541 0.089674
0 0.239489 0.262228 0.040541 0.089674
0 0.289039 0.262228 0.040541 0.089674
0 0.200450 0.373641 0.040541 0.089674
0 0.240991 0.373641 0.040541 0.089674
0 0.293544 0.368207 0.040541 0.089674
0 0.201952 0.482337 0.040541 0.089674
0 0.242492 0.479620 0.040541 0.089674
0 0.451201 0.463315 0.040541 0.089674
0 0.209459 0.688859 0.040541 0.089674
0 0.245495 0.686141 0.040541 0.089674
0 0.286036 0.686141 0.040541 0.089674
0 0.526276 0.661685 0.040541 0.089674
0 0.562312 0.661685 0.040541 0.089674
