0 0.200483 0.277159 0.043478 0.091922
0 0.232689 0.274373 0.043478 0.091922
0 0.285829 0.271588 0.043478 0.091922
0 0.198873 0.369081 0.043478 0.091922
0 0.239130 0.374652 0.043478 0.091922
0 0.290660 0.369081 0.043478 0.091922
0 0.205314 0.477716 0.043478 0.091922
0 0.242351 0.469359 0.043478 0.091922
0 0.450081 0.455432 0.043478 0.091922
0 0.208535 0.672702 0.043478 0.091922
0 0.250403 0.672702 0.043478 0.091922
0 0.289050 0.664345 0.043478 0.091922
0 0.520934 0.636490 0.043478 0.091922
0 0.561192 0.628134 0.043478 0.091922
1 0.372786 0.267409 0.030596 0.094708
1 0.413043 0.359331 0.030596 0.094708
1 0.429147 0.649025 0.030596 0.094708
1 0.371176 0.660167 0.030596 0.094708
1 0.332528 0.665738 0.030596 0.094708
1 0.638486 0.623955 0.030596 0.094708
