0 0.205955 0.236842 0.039702 0.096491
0 0.243176 0.243421 0.039702 0.096491
0 0.289082 0.234649 0.039702 0.096491
0 0.207196 0.335526 0.039702 0.096491
0 0.250620 0.335526 0.039702 0.096491
0 0.294045 0.333333 0.039702 0.096491
0 0.208437 0.427632 0.039702 0.096491
0 0.245658 0.427632 0.039702 0.096491
0 0.441687 0.434211 0.039702 0.096491
0 0.209677 0.616228 0.039702 0.096491
0 0.248139 0.616228 0.039702 0.096491
0 0.287841 0.618421 0.039702 0.096491
0 0.503722 0.625000 0.039702 0.096491
0 0.544665 0.625000 0.039702 0.096491
1 0.370347 0.241228 0.026055 0.100877
1 0.408809 0.339912 0.026055 0.100877
1 0.324442 0.618421 0.026055 0.100877
1 0.360422 0.620614 0.026055 0.100877
1 0.416253 0.620614 0.026055 0.100877
1 0.620968 0.629386 0.026055 0.100877
