0 0.192825 0.222222 0.044843 0.102564
0 0.231689 0.225071 0.044843 0.102564
0 0.286996 0.225071 0.044843 0.102564
0 0.192825 0.336182 0.044843 0.102564
0 0.234679 0.330484 0.044843 0.102564
0 0.286996 0.339031 0.044843 0.102564
0 0.195815 0.450142 0.044843 0.102564
0 0.237668 0.452991 0.044843 0.102564
0 0.449925 0.452991 0.044843 0.102564
0 0.197309 0.675214 0.044843 0.102564
0 0.239163 0.675214 0.044843 0.102564
0 0.281016 0.672365 0.044843 0.102564
0 0.523169 0.672365 0.044843 0.102564
0 0.562033 0.675214 0.044843 0.102564
