0 0.200922 0.288235 0.040843 0.096471
0 0.244401 0.288235 0.040843 0.096471
0 0.291831 0.290588 0.040843 0.096471
0 0.202240 0.387059 0.040843 0.096471
0 0.240448 0.384706 0.040843 0.096471
0 0.291831 0.389412 0.040843 0.096471
0 0.200922 0.490588 0.040843 0.096471
0 0.239130 0.490588 0.040843 0.096471
0 0.442029 0.492941 0.040843 0.096471
0 0.202240 0.690588 0.040843 0.096471
0 0.241765 0.688235 0.040843 0.096471
0 0.281291 0.688235 0.040843 0.096471
0 0.503953 0.678824 0.040843 0.096471
0 0.540843 0.676471 0.040843 0.096471
