0 0.193720 0.276493 0.041469 0.094412
0 0.232820 0.284200 0.041469 0.094412
0 0.287322 0.289981 0.041469 0.094412
0 0.194905 0.376686 0.041469 0.094412
0 0.234005 0.384393 0.041469 0.094412
0 0.289692 0.380539 0.041469 0.094412
0 0.194905 0.473025 0.041469 0.094412
0 0.235190 0.478805 0.041469 0.094412
0 0.440166 0.500000 0.041469 0.094412
0 0.190166 0.665703 0.041469 0.094412
0 0.231635 0.665703 0.041469 0.094412
0 0.274289 0.669557 0.041469 0.094412
0 0.499408 0.698459 0.041469 0.094412
0 0.534953 0.694605 0.041469 0.094412
