0 0.185246 0.287651 0.049180 0.099398
0 0.226230 0.281627 0.049180 0.099398
0 0.281967 0.284639 0.049180 0.099398
0 0.186885 0.405120 0.049180 0.099398
0 0.236066 0.402108 0.049180 0.099398
0 0.281967 0.393072 0.049180 0.099398
0 0.190164 0.510542 0.049180 0.099398
0 0.236066 0.504518 0.049180 0.099398
0 0.450820 0.492470 0.049180 0.099398
0 0.195082 0.733434 0.049180 0.099398
0 0.237705 0.733434 0.049180 0.099398
0 0.278689 0.733434 0.049180 0.099398
0 0.524590 0.709337 0.049180 0.099398
0 0.568852 0.706325 0.049180 0.099398
1 0.369672 0.278614 0.024590 0.111446
1 0.412295 0.381024 0.024590 0.111446
1 0.318852 0.733434 0.024590 0.111446
1 0.361475 0.724398 0.024590 0.111446
1 0.422131 0.724398 0.024590 0.111446
1 0.641803 0.697289 0.024590 0.111446
