0 0.204390 0.289412 0.043896 0.098824
0 0.246914 0.291765 0.043896 0.098824
0 0.296296 0.291765 0.043896 0.098824
0 0.205761 0.385882 0.043896 0.098824
0 0.242798 0.397647 0.043896 0.098824
0 0.297668 0.388235 0.043896 0.098824
0 0.201646 0.491765 0.043896 0.098824
0 0.244170 0.491765 0.043896 0.098824
0 0.455418 0.501176 0.043896 0.098824
0 0.200274 0.689412 0.043896 0.098824
0 0.244170 0.691765 0.043896 0.098824
0 0.288066 0.689412 0.043896 0.098824
0 0.521262 0.689412 0.043896 0.098824
0 0.562414 0.691765 0.043896 0.098824
1 0.385460 0.296471 0.027435 0.098824
1 0.419753 0.395294 0.027435 0.098824
1 0.327846 0.689412 0.027435 0.098824
1 0.364883 0.694118 0.027435 0.098824
1 0.419753 0.696471 0.027435 0.098824
1 0.636488 0.687059 0.027435 0.098824
