0 0.192857 0.222325 0.036735 0.101476
0 0.229592 0.224170 0.036735 0.101476
0 0.278571 0.218635 0.036735 0.101476
0 0.196939 0.325646 0.036735 0.101476
0 0.233673 0.331181 0.036735 0.101476
0 0.279592 0.331181 0.036735 0.101476
0 0.194898 0.430812 0.036735 0.101476
0 0.231633 0.428967 0.036735 0.101476
0 0.434694 0.428967 0.036735 0.101476
0 0.198980 0.628229 0.036735 0.101476
0 0.238776 0.626384 0.036735 0.101476
0 0.274490 0.628229 0.036735 0.101476
0 0.502041 0.642989 0.036735 0.101476
0 0.540816 0.642989 0.036735 0.101476
1 0.358673 0.219557 0.029592 0.099631
1 0.398469 0.324723 0.029592 0.099631
1 0.313776 0.632841 0.029592 0.099631
1 0.347449 0.636531 0.029592 0.099631
1 0.405612 0.636531 0.029592 0.099631
1 0.620918 0.647601 0.029592 0.099631
