0 0.199145 0.248494 0.042735 0.093373
0 0.238462 0.251506 0.042735 0.093373
0 0.288034 0.254518 0.042735 0.093373
0 0.199145 0.347892 0.042735 0.093373
0 0.238462 0.350904 0.042735 0.093373
0 0.286325 0.356928 0.042735 0.093373
0 0.195726 0.453313 0.042735 0.093373
0 0.240171 0.453313 0.042735 0.093373
0 0.441880 0.456325 0.042735 0.093373
0 0.199145 0.649096 0.042735 0.093373
0 0.238462 0.655120 0.042735 0.093373
0 0.277778 0.652108 0.042735 0.093373
0 0.508547 0.658133 0.042735 0.093373
0 0.547863 0.655120 0.042735 0.093373
1 0.370940 0.256024 0.030769 0.102410
1 0.406838 0.352410 0.030769 0.102410
1 0.319658 0.650602 0.030769 0.102410
1 0.353846 0.653614 0.030769 0.102410
1 0.411966 0.656627 0.030769 0.102410
1 0.622222 0.659639 0.030769 0.102410
