0 0.215636 0.280822 0.039519 0.095890
0 0.255155 0.280822 0.039519 0.095890
0 0.304983 0.280822 0.039519 0.095890
0 0.217354 0.368493 0.039519 0.095890
0 0.253436 0.373973 0.039519 0.095890
0 0.304983 0.368493 0.039519 0.095890
0 0.219072 0.458904 0.039519 0.095890
0 0.255155 0.458904 0.039519 0.095890
0 0.457904 0.464384 0.039519 0.095890
0 0.215636 0.636986 0.039519 0.095890
0 0.256873 0.645205 0.039519 0.095890
0 0.298110 0.639726 0.039519 0.095890
0 0.523196 0.647945 0.039519 0.095890
0 0.559278 0.650685 0.039519 0.095890
1 0.388316 0.282192 0.024055 0.098630
1 0.427835 0.369863 0.024055 0.098630
1 0.338488 0.641096 0.024055 0.098630
1 0.374570 0.641096 0.024055 0.098630
1 0.429553 0.643836 0.024055 0.098630
1 0.637457 0.649315 0.024055 0.098630
