0 0.191123 0.240181 0.041667 0.093656
0 0.230978 0.240181 0.041667 0.093656
0 0.189312 0.339879 0.041667 0.093656
0 0.232790 0.339879 0.041667 0.093656
0 0.191123 0.433535 0.041667 0.093656
0 0.232790 0.436556 0.041667 0.093656
0 0.191123 0.629909 0.041667 0.093656
0 0.229167 0.635952 0.041667 0.093656
0 0.267210 0.638973 0.041667 0.093656
0 0.283514 0.348943 0.041667 0.093656
0 0.285326 0.234139 0.041667 0.093656
0 0.509964 0.638973 0.041667 0.093656
0 0.546196 0.651057 0.041667 0.093656
0 0.444746 0.448640 0.041667 0.093656
1 0.367754 0.249245 0.028986 0.099698
1 0.405797 0.345921 0.028986 0.099698
1 0.309783 0.635952 0.028986 0.099698
1 0.351449 0.638973 0.028986 0.099698
1 0.407609 0.645015 0.028986 0.099698
1 0.630435 0.657100 0.028986 0.099698
