0 0.221799 0.285124 0.041159 0.090909
0 0.259909 0.282369 0.041159 0.090909
0 0.314787 0.282369 0.041159 0.090909
0 0.221799 0.389807 0.041159 0.090909
0 0.261433 0.387052 0.041159 0.090909
0 0.316311 0.387052 0.041159 0.090909
0 0.220274 0.491736 0.041159 0.090909
0 0.262957 0.494490 0.041159 0.090909
0 0.471799 0.486226 0.041159 0.090909
0 0.218750 0.701102 0.041159 0.090909
0 0.261433 0.703857 0.041159 0.090909
0 0.299543 0.698347 0.041159 0.090909
0 0.535823 0.681818 0.041159 0.090909
0 0.572409 0.681818 0.041159 0.090909
