0 0.217246 0.281395 0.044118 0.093023
0 0.260027 0.281395 0.044118 0.093023
0 0.308155 0.281395 0.044118 0.093023
0 0.215909 0.381395 0.044118 0.093023
0 0.253342 0.383721 0.044118 0.093023
0 0.309492 0.388372 0.044118 0.093023
0 0.215909 0.481395 0.044118 0.093023
0 0.256016 0.483721 0.044118 0.093023
0 0.459225 0.490698 0.044118 0.093023
0 0.214572 0.674419 0.044118 0.093023
0 0.252005 0.683721 0.044118 0.093023
0 0.293449 0.686047 0.044118 0.093023
0 0.526070 0.681395 0.044118 0.093023
0 0.560829 0.686047 0.044118 0.093023
1 0.391043 0.289535 0.028075 0.095349
1 0.428476 0.377907 0.028075 0.095349
1 0.334893 0.691860 0.028075 0.095349
1 0.368316 0.682558 0.028075 0.095349
1 0.429813 0.682558 0.028075 0.095349
1 0.639706 0.677907 0.028075 0.095349
