0 0.201337 0.281654 0.046062 0.098191
0 0.241456 0.281654 0.046062 0.098191
0 0.291976 0.279070 0.046062 0.098191
0 0.198366 0.382429 0.046062 0.098191
0 0.242942 0.382429 0.046062 0.098191
0 0.294948 0.374677 0.046062 0.098191
0 0.204309 0.480620 0.046062 0.098191
0 0.247400 0.475452 0.046062 0.098191
0 0.453938 0.457364 0.046062 0.098191
0 0.207281 0.682171 0.046062 0.098191
0 0.253343 0.682171 0.046062 0.098191
0 0.294948 0.679587 0.046062 0.098191
0 0.523774 0.648579 0.046062 0.098191
0 0.560921 0.645995 0.046062 0.098191
1 0.375929 0.272610 0.029718 0.095607
1 0.414562 0.360465 0.029718 0.095607
1 0.334324 0.673127 0.029718 0.095607
1 0.369985 0.665375 0.029718 0.095607
1 0.429421 0.657623 0.029718 0.095607
1 0.637444 0.634367 0.029718 0.095607
