0 0.206667 0.264706 0.040000 0.100000
0 0.243333 0.261765 0.040000 0.100000
0 0.295000 0.261765 0.040000 0.100000
0 0.206667 0.358824 0.040000 0.100000
0 0.245000 0.364706 0.040000 0.100000
0 0.293333 0.367647 0.040000 0.100000
0 0.205000 0.464706 0.040000 0.100000
0 0.243333 0.467647 0.040000 0.100000
0 0.453333 0.473529 0.040000 0.100000
0 0.206667 0.667647 0.040000 0.100000
0 0.245000 0.670588 0.040000 0.100000
0 0.285000 0.673529 0.040000 0.100000
0 0.521667 0.676471 0.040000 0.100000
0 0.563333 0.682353 0.040000 0.100000
1 0.372500 0.266176 0.028333 0.102941
1 0.412500 0.363235 0.028333 0.102941
1 0.329167 0.669118 0.028333 0.102941
1 0.369167 0.672059 0.028333 0.102941
1 0.422500 0.675000 0.028333 0.102941
1 0.642500 0.680882 0.028333 0.102941
