0 0.214169 0.286982 0.040717 0.094675
0 0.254886 0.286982 0.040717 0.094675
0 0.308632 0.286982 0.040717 0.094675
0 0.217427 0.393491 0.040717 0.094675
0 0.256515 0.387574 0.040717 0.094675
0 0.308632 0.387574 0.040717 0.094675
0 0.219055 0.494083 0.040717 0.094675
0 0.261401 0.500000 0.040717 0.094675
0 0.464984 0.485207 0.040717 0.094675
0 0.219055 0.707101 0.040717 0.094675
0 0.258143 0.707101 0.040717 0.094675
0 0.300489 0.707101 0.040717 0.094675
0 0.538274 0.686391 0.040717 0.094675
0 0.577362 0.683432 0.040717 0.094675
1 0.387622 0.279586 0.026059 0.091716
1 0.428339 0.383136 0.026059 0.091716
1 0.342834 0.698225 0.030945 0.094675
1 0.380293 0.692308 0.030945 0.094675
1 0.438925 0.692308 0.030945 0.094675
1 0.652280 0.674556 0.030945 0.094675
