0 0.192105 0.240772 0.043158 0.098993
0 0.232105 0.245805 0.043158 0.098993
0 0.282632 0.249161 0.043158 0.098993
0 0.185789 0.329698 0.043158 0.098993
0 0.231053 0.334732 0.043158 0.098993
0 0.281579 0.341443 0.043158 0.098993
0 0.185789 0.416946 0.043158 0.098993
0 0.221579 0.421980 0.043158 0.098993
0 0.425789 0.452181 0.043158 0.098993
0 0.174211 0.598154 0.038947 0.095638
0 0.217895 0.604866 0.031579 0.092282
0 0.251579 0.603188 0.031579 0.092282
0 0.477368 0.642617 0.043158 0.097315
0 0.517368 0.645973 0.043158 0.097315
