0 0.199591 0.272941 0.039510 0.089412
0 0.239101 0.272941 0.039510 0.089412
0 0.285422 0.272941 0.039510 0.089412
0 0.200954 0.371765 0.039510 0.089412
0 0.237738 0.371765 0.039510 0.089412
0 0.286785 0.371765 0.039510 0.089412
0 0.202316 0.468235 0.039510 0.089412
0 0.241826 0.468235 0.039510 0.089412
0 0.438011 0.470588 0.039510 0.089412
0 0.202316 0.658824 0.039510 0.089412
0 0.239101 0.658824 0.039510 0.089412
0 0.275886 0.661176 0.039510 0.089412
0 0.508856 0.665882 0.039510 0.089412
0 0.547003 0.670588 0.039510 0.089412
1 0.365804 0.274118 0.028610 0.096471
1 0.405995 0.371765 0.024523 0.098824
1 0.320163 0.656471 0.024523 0.098824
1 0.355586 0.656471 0.024523 0.098824
1 0.411444 0.668235 0.024523 0.098824
1 0.630790 0.670588 0.024523 0.098824
