0 0.208870 0.281081 0.040057 0.108108
0 0.250358 0.281081 0.040057 0.108108
0 0.300429 0.281081 0.040057 0.108108
0 0.214592 0.381081 0.040057 0.108108
0 0.251788 0.386486 0.040057 0.108108
0 0.298999 0.386486 0.040057 0.108108
0 0.216023 0.483784 0.040057 0.108108
0 0.253219 0.494595 0.040057 0.108108
0 0.218884 0.697297 0.034335 0.102703
0 0.254649 0.694595 0.034335 0.102703
0 0.293276 0.694595 0.034335 0.102703
0 0.522175 0.683784 0.034335 0.102703
0 0.559371 0.686486 0.034335 0.102703
1 0.375536 0.274324 0.024320 0.105405
1 0.417024 0.377027 0.024320 0.105405
1 0.334049 0.690541 0.024320 0.105405
1 0.371245 0.687838 0.024320 0.105405
1 0.429900 0.682432 0.024320 0.105405
1 0.634478 0.671622 0.024320 0.105405
