0 0.217241 0.282675 0.041379 0.103343
0 0.258621 0.279635 0.041379 0.103343
0 0.220690 0.389058 0.041379 0.103343
0 0.262069 0.389058 0.041379 0.103343
0 0.308621 0.279635 0.041379 0.103343
0 0.312069 0.382979 0.041379 0.103343
0 0.224138 0.486322 0.041379 0.103343
0 0.262069 0.489362 0.041379 0.103343
0 0.470690 0.468085 0.041379 0.103343
0 0.224138 0.689970 0.041379 0.103343
0 0.267241 0.689970 0.041379 0.103343
0 0.310345 0.689970 0.041379 0.103343
0 0.544828 0.662614 0.041379 0.103343
0 0.582759 0.656535 0.041379 0.103343
1 0.391379 0.275076 0.024138 0.100304
1 0.432759 0.375380 0.024138 0.100304
1 0.346552 0.682371 0.024138 0.100304
1 0.386207 0.673252 0.024138 0.100304
1 0.446552 0.676292 0.024138 0.100304
1 0.662069 0.648936 0.024138 0.100304
