0 0.206202 0.288515 0.040310 0.100840
0 0.246512 0.285714 0.040310 0.100840
0 0.302326 0.282913 0.040310 0.100840
0 0.206202 0.392157 0.040310 0.100840
0 0.248062 0.394958 0.040310 0.100840
0 0.302326 0.394958 0.040310 0.100840
0 0.207752 0.504202 0.040310 0.100840
0 0.244961 0.501401 0.040310 0.100840
0 0.458915 0.495798 0.040310 0.100840
0 0.204651 0.717087 0.040310 0.100840
0 0.246512 0.714286 0.040310 0.100840
0 0.286822 0.714286 0.040310 0.100840
0 0.525581 0.694678 0.040310 0.100840
0 0.562791 0.689076 0.040310 0.100840
1 0.385271 0.287115 0.032558 0.103641
1 0.329457 0.710084 0.032558 0.103641
1 0.425581 0.382353 0.032558 0.103641
1 0.371318 0.712885 0.032558 0.103641
1 0.431783 0.707283 0.032558 0.103641
1 0.641085 0.687675 0.032558 0.103641
