0 0.196479 0.257180 0.035211 0.101828
0 0.233099 0.254569 0.035211 0.101828
0 0.283803 0.253264 0.040845 0.109661
0 0.197887 0.357702 0.040845 0.109661
0 0.235915 0.360313 0.040845 0.109661
0 0.285211 0.356397 0.038028 0.101828
0 0.195070 0.463446 0.038028 0.101828
0 0.235915 0.466057 0.038028 0.101828
0 0.441549 0.466057 0.038028 0.101828
0 0.202113 0.674935 0.038028 0.101828
0 0.240141 0.672324 0.038028 0.101828
0 0.275352 0.672324 0.038028 0.101828
0 0.513380 0.677546 0.038028 0.101828
0 0.551408 0.677546 0.038028 0.101828
