0 0.192857 0.256997 0.042857 0.111959
0 0.232857 0.256997 0.042857 0.111959
0 0.291429 0.256997 0.042857 0.111959
0 0.192857 0.361323 0.042857 0.111959
0 0.234286 0.363868 0.042857 0.111959
0 0.292857 0.366412 0.042857 0.111959
0 0.194286 0.465649 0.042857 0.111959
0 0.235714 0.468193 0.042857 0.111959
0 0.458571 0.468193 0.042857 0.111959
0 0.191429 0.687023 0.042857 0.111959
0 0.231429 0.689567 0.042857 0.111959
0 0.274286 0.689567 0.042857 0.111959
0 0.524286 0.689567 0.042857 0.111959
0 0.567143 0.692112 0.042857 0.111959
