0 0.231438 0.283133 0.039494 0.096386
0 0.266193 0.280120 0.039494 0.096386
0 0.318325 0.283133 0.039494 0.096386
0 0.233017 0.391566 0.039494 0.096386
0 0.269352 0.388554 0.039494 0.096386
0 0.319905 0.385542 0.039494 0.096386
0 0.233017 0.496988 0.039494 0.096386
0 0.274092 0.496988 0.039494 0.096386
0 0.473144 0.484940 0.039494 0.096386
0 0.244076 0.704819 0.039494 0.096386
0 0.277251 0.704819 0.039494 0.096386
0 0.313586 0.704819 0.039494 0.096386
0 0.547393 0.692771 0.039494 0.096386
0 0.580569 0.686747 0.039494 0.096386
