0 0.198499 0.248235 0.047749 0.101176
0 0.233970 0.248235 0.047749 0.101176
0 0.291269 0.248235 0.047749 0.101176
0 0.194407 0.347059 0.047749 0.101176
0 0.232606 0.342353 0.047749 0.101176
0 0.288540 0.349412 0.047749 0.101176
0 0.194407 0.450588 0.047749 0.101176
0 0.236698 0.450588 0.047749 0.101176
0 0.444065 0.441176 0.047749 0.101176
0 0.198499 0.648235 0.047749 0.101176
0 0.233970 0.648235 0.047749 0.101176
0 0.273533 0.645882 0.047749 0.101176
0 0.508868 0.638824 0.040928 0.101176
0 0.544338 0.634118 0.040928 0.101176
