0 0.187276 0.265861 0.044803 0.090634
0 0.226703 0.271903 0.044803 0.090634
0 0.278674 0.271903 0.044803 0.090634
0 0.185484 0.368580 0.044803 0.090634
0 0.226703 0.368580 0.044803 0.090634
0 0.280466 0.371601 0.044803 0.090634
0 0.185484 0.465257 0.044803 0.090634
0 0.226703 0.468278 0.044803 0.090634
0 0.438172 0.477341 0.044803 0.090634
0 0.183692 0.664653 0.044803 0.090634
0 0.225806 0.664653 0.043011 0.090634
0 0.267025 0.667674 0.043011 0.090634
0 0.501792 0.670695 0.043011 0.090634
0 0.537634 0.673716 0.043011 0.090634
1 0.362007 0.273414 0.028674 0.105740
1 0.403226 0.376133 0.028674 0.105740
1 0.308244 0.663142 0.028674 0.105740
1 0.345878 0.669184 0.028674 0.105740
1 0.405018 0.672205 0.028674 0.105740
1 0.618280 0.675227 0.028674 0.105740
