0 0.202681 0.260504 0.045741 0.106443
0 0.242114 0.257703 0.045741 0.106443
0 0.298896 0.252101 0.045741 0.106443
0 0.201104 0.372549 0.045741 0.106443
0 0.242114 0.369748 0.045741 0.106443
0 0.297319 0.361345 0.045741 0.106443
0 0.201104 0.467787 0.045741 0.106443
0 0.250000 0.473389 0.045741 0.106443
0 0.459779 0.448179 0.045741 0.106443
0 0.202681 0.686275 0.045741 0.106443
0 0.245268 0.680672 0.045741 0.106443
0 0.291009 0.672269 0.045741 0.106443
0 0.532334 0.652661 0.045741 0.106443
0 0.567035 0.644258 0.045741 0.106443
1 0.384858 0.247899 0.022082 0.092437
1 0.424290 0.345938 0.022082 0.092437
1 0.334385 0.665266 0.022082 0.092437
1 0.373028 0.673669 0.026814 0.114846
1 0.432965 0.654062 0.026814 0.114846
1 0.649054 0.634454 0.026814 0.114846
