0 0.202774 0.230861 0.038309 0.102871
0 0.238441 0.228469 0.038309 0.102871
0 0.287318 0.230861 0.038309 0.102871
0 0.202774 0.331340 0.038309 0.102871
0 0.239762 0.333732 0.038309 0.102871
0 0.289960 0.331340 0.038309 0.102871
0 0.204095 0.424641 0.038309 0.102871
0 0.241083 0.424641 0.038309 0.102871
0 0.435271 0.431818 0.038309 0.102871
0 0.206737 0.613636 0.038309 0.102871
0 0.241083 0.620813 0.038309 0.102871
0 0.500000 0.627990 0.038309 0.102871
0 0.540951 0.632775 0.038309 0.102871
0 0.280713 0.620813 0.038309 0.102871
