0 0.190476 0.257538 0.042017 0.092965
0 0.228291 0.257538 0.042017 0.092965
0 0.280112 0.257538 0.042017 0.092965
0 0.187675 0.358040 0.042017 0.092965
0 0.228291 0.363065 0.042017 0.092965
0 0.280112 0.363065 0.042017 0.092965
0 0.187675 0.463568 0.042017 0.092965
0 0.229692 0.466080 0.042017 0.092965
0 0.436975 0.461055 0.042017 0.092965
0 0.193277 0.664573 0.042017 0.092965
0 0.225490 0.667085 0.042017 0.092965
0 0.271709 0.667085 0.042017 0.092965
0 0.509804 0.672111 0.042017 0.092965
0 0.550420 0.674623 0.042017 0.092965
1 0.363445 0.256281 0.026611 0.105528
1 0.401261 0.351759 0.026611 0.105528
1 0.314426 0.670854 0.026611 0.105528
1 0.348039 0.668342 0.026611 0.105528
1 0.406863 0.668342 0.026611 0.105528
1 0.628151 0.670854 0.026611 0.105528
