0 0.173285 0.269716 0.039711 0.097792
0 0.214801 0.272871 0.039711 0.097792
0 0.267148 0.266562 0.039711 0.097792
0 0.173285 0.367508 0.039711 0.097792
0 0.212996 0.372240 0.046931 0.094637
0 0.263538 0.375394 0.046931 0.094637
0 0.171480 0.476341 0.046931 0.094637
0 0.218412 0.476341 0.046931 0.094637
0 0.422383 0.488959 0.046931 0.094637
0 0.166065 0.684543 0.046931 0.094637
0 0.207581 0.681388 0.046931 0.094637
0 0.250903 0.681388 0.046931 0.094637
0 0.487365 0.690852 0.046931 0.094637
0 0.523466 0.694006 0.046931 0.094637
