0 0.209660 0.273897 0.047771 0.110294
0 0.253185 0.275735 0.047771 0.110294
0 0.308386 0.283088 0.047771 0.110294
0 0.209660 0.382353 0.047771 0.110294
0 0.251062 0.378676 0.047771 0.110294
0 0.309448 0.387868 0.047771 0.110294
0 0.213907 0.487132 0.047771 0.110294
0 0.254246 0.487132 0.047771 0.110294
0 0.467622 0.500000 0.047771 0.110294
0 0.211783 0.687500 0.047771 0.110294
0 0.255308 0.685662 0.047771 0.110294
0 0.303079 0.683824 0.047771 0.110294
0 0.529193 0.698529 0.047771 0.110294
0 0.573248 0.695772 0.042463 0.112132
1 0.397558 0.293199 0.030786 0.104779
1 0.434713 0.392463 0.030786 0.104779
1 0.343418 0.682904 0.030786 0.104779
1 0.377389 0.686581 0.030786 0.104779
1 0.434713 0.692096 0.030786 0.104779
1 0.641720 0.699449 0.030786 0.104779
