0 0.187817 0.296348 0.043993 0.092697
0 0.225042 0.296348 0.043993 0.092697
0 0.279188 0.296348 0.043993 0.092697
0 0.189509 0.394663 0.043993 0.092697
0 0.228426 0.403090 0.043993 0.092697
0 0.280880 0.394663 0.043993 0.092697
0 0.191201 0.492978 0.043993 0.092697
0 0.231810 0.490169 0.043993 0.092697
0 0.438240 0.492978 0.043993 0.092697
0 0.194585 0.681180 0.043993 0.092697
0 0.236887 0.681180 0.043993 0.092697
0 0.279188 0.681180 0.043993 0.092697
0 0.512690 0.685393 0.040609 0.101124
0 0.554992 0.685393 0.040609 0.101124
