0 0.197674 0.281414 0.044961 0.096859
0 0.237984 0.278796 0.044961 0.096859
0 0.290698 0.281414 0.044961 0.096859
0 0.196124 0.380890 0.044961 0.096859
0 0.239535 0.378272 0.044961 0.096859
0 0.289147 0.378272 0.044961 0.096859
0 0.199225 0.480366 0.044961 0.096859
0 0.244186 0.480366 0.044961 0.096859
0 0.453488 0.467277 0.044961 0.096859
0 0.199225 0.684555 0.044961 0.096859
0 0.286047 0.674084 0.044961 0.096859
0 0.242636 0.679319 0.044961 0.096859
0 0.523256 0.647906 0.044961 0.096859
0 0.560465 0.650524 0.044961 0.096859
