0 0.221066 0.284580 0.039012 0.088435
0 0.258778 0.286848 0.039012 0.088435
0 0.306892 0.289116 0.039012 0.088435
0 0.222367 0.382086 0.039012 0.088435
0 0.258778 0.382086 0.039012 0.088435
0 0.309493 0.382086 0.039012 0.088435
0 0.221066 0.479592 0.039012 0.088435
0 0.257477 0.479592 0.039012 0.088435
0 0.455137 0.481859 0.039012 0.088435
0 0.218466 0.672336 0.039012 0.088435
0 0.256177 0.672336 0.039012 0.088435
0 0.297789 0.665533 0.039012 0.088435
0 0.517555 0.670068 0.039012 0.088435
0 0.552666 0.674603 0.039012 0.088435
