0 0.196118 0.289116 0.038822 0.088435
0 0.237617 0.289116 0.038822 0.088435
0 0.287149 0.289116 0.038822 0.088435
0 0.196118 0.382086 0.038822 0.088435
0 0.237617 0.386621 0.038822 0.088435
0 0.285810 0.388889 0.038822 0.088435
0 0.194779 0.486395 0.038822 0.088435
0 0.233601 0.488662 0.038822 0.088435
0 0.439759 0.488662 0.038822 0.088435
0 0.192102 0.674603 0.038822 0.088435
0 0.229585 0.674603 0.038822 0.088435
0 0.271084 0.679138 0.038822 0.088435
0 0.501339 0.674603 0.038822 0.088435
0 0.536145 0.679138 0.038822 0.088435
