0 0.213137 0.276596 0.040214 0.099291
0 0.246649 0.274232 0.040214 0.099291
0 0.297587 0.271868 0.040214 0.099291
0 0.213137 0.368794 0.040214 0.099291
0 0.247989 0.368794 0.040214 0.099291
0 0.300268 0.373522 0.040214 0.099291
0 0.217158 0.465721 0.040214 0.099291
0 0.252011 0.465721 0.040214 0.099291
0 0.218499 0.652482 0.040214 0.099291
0 0.252011 0.652482 0.040214 0.099291
0 0.292225 0.654846 0.040214 0.099291
0 0.516086 0.650118 0.040214 0.099291
0 0.554960 0.657210 0.040214 0.099291
0 0.453083 0.463357 0.040214 0.099291
1 0.378686 0.273050 0.025469 0.092199
1 0.414879 0.374704 0.025469 0.092199
1 0.333110 0.653664 0.025469 0.092199
1 0.369303 0.656028 0.025469 0.092199
1 0.424263 0.653664 0.025469 0.092199
1 0.636059 0.656028 0.025469 0.092199
