0 0.211886 0.246212 0.041344 0.103535
0 0.257106 0.251263 0.041344 0.103535
0 0.303618 0.248737 0.041344 0.103535
0 0.214470 0.357323 0.041344 0.103535
0 0.249354 0.362374 0.041344 0.103535
0 0.299742 0.359848 0.041344 0.103535
0 0.219638 0.465909 0.041344 0.103535
0 0.253230 0.470960 0.041344 0.103535
0 0.456072 0.474747 0.038760 0.101010
0 0.217054 0.684343 0.038760 0.101010
0 0.258398 0.681818 0.038760 0.101010
0 0.295866 0.679293 0.038760 0.101010
0 0.527132 0.696970 0.038760 0.101010
0 0.567183 0.694444 0.038760 0.101010
1 0.383075 0.252525 0.029716 0.095960
1 0.421835 0.361111 0.029716 0.095960
1 0.337209 0.680556 0.033592 0.113636
1 0.369509 0.680556 0.033592 0.113636
1 0.428941 0.688131 0.033592 0.113636
1 0.640827 0.695707 0.033592 0.113636
