0 0.204516 0.261682 0.037419 0.093458
0 0.241935 0.254673 0.037419 0.093458
0 0.293548 0.259346 0.037419 0.093458
0 0.203226 0.366822 0.037419 0.093458
0 0.247097 0.359813 0.037419 0.093458
0 0.293548 0.366822 0.037419 0.093458
0 0.204516 0.467290 0.037419 0.093458
0 0.243226 0.462617 0.037419 0.093458
0 0.445806 0.471963 0.037419 0.093458
0 0.205806 0.651869 0.037419 0.093458
0 0.244516 0.670561 0.037419 0.093458
0 0.281935 0.670561 0.037419 0.093458
0 0.510323 0.670561 0.037419 0.093458
0 0.546452 0.675234 0.037419 0.093458
