0 0.223077 0.274052 0.039316 0.087464
0 0.258974 0.274052 0.039316 0.087464
0 0.311966 0.274052 0.039316 0.087464
0 0.219658 0.370262 0.039316 0.087464
0 0.258974 0.376093 0.039316 0.087464
0 0.311966 0.376093 0.039316 0.087464
0 0.223077 0.469388 0.039316 0.087464
0 0.262393 0.472303 0.039316 0.087464
0 0.465812 0.478134 0.039316 0.087464
0 0.223077 0.664723 0.039316 0.087464
0 0.262393 0.661808 0.039316 0.087464
0 0.303419 0.667638 0.039316 0.087464
0 0.534188 0.670554 0.039316 0.087464
0 0.570085 0.673469 0.039316 0.087464
