0 0.211394 0.290411 0.041979 0.104110
0 0.248876 0.282192 0.041979 0.104110
0 0.301349 0.290411 0.041979 0.104110
0 0.215892 0.394521 0.041979 0.104110
0 0.256372 0.394521 0.041979 0.104110
0 0.307346 0.397260 0.041979 0.104110
0 0.214393 0.501370 0.041979 0.104110
0 0.253373 0.501370 0.041979 0.104110
0 0.464768 0.490411 0.041979 0.104110
0 0.215892 0.715068 0.041979 0.104110
0 0.254873 0.709589 0.041979 0.104110
0 0.296852 0.709589 0.041979 0.104110
0 0.532234 0.695890 0.041979 0.104110
0 0.568216 0.690411 0.041979 0.104110
1 0.388306 0.282192 0.026987 0.104110
1 0.430285 0.383562 0.026987 0.104110
1 0.340330 0.706849 0.026987 0.104110
1 0.376312 0.704110 0.026987 0.104110
1 0.437781 0.706849 0.026987 0.104110
1 0.644678 0.687671 0.026987 0.104110
