0 0.200704 0.245928 0.042254 0.100977
0 0.200704 0.359935 0.042254 0.100977
0 0.204225 0.679153 0.042254 0.100977
0 0.244718 0.679153 0.042254 0.100977
0 0.285211 0.695440 0.042254 0.100977
0 0.204225 0.464169 0.042254 0.100977
0 0.244718 0.464169 0.042254 0.100977
0 0.246479 0.356678 0.042254 0.100977
0 0.244718 0.245928 0.042254 0.100977
0 0.299296 0.252443 0.042254 0.100977
0 0.295775 0.366450 0.042254 0.100977
0 0.452465 0.470684 0.042254 0.100977
0 0.521127 0.685668 0.042254 0.100977
0 0.559859 0.692182 0.042254 0.100977
