0 0.192730 0.277228 0.039781 0.099010
0 0.232510 0.277228 0.039781 0.099010
0 0.284636 0.274752 0.039781 0.099010
0 0.194102 0.378713 0.039781 0.099010
0 0.232510 0.378713 0.039781 0.099010
0 0.286008 0.376238 0.039781 0.099010
0 0.195473 0.477723 0.039781 0.099010
0 0.235254 0.472772 0.039781 0.099010
0 0.439643 0.480198 0.039781 0.099010
0 0.203704 0.678218 0.039781 0.099010
0 0.240741 0.678218 0.039781 0.099010
0 0.276406 0.678218 0.039781 0.099010
0 0.512346 0.673267 0.039781 0.099010
0 0.548011 0.673267 0.039781 0.099010
1 0.364883 0.273515 0.027435 0.106436
1 0.406036 0.375000 0.027435 0.106436
1 0.319616 0.679455 0.027435 0.106436
1 0.356653 0.679455 0.027435 0.106436
1 0.415638 0.679455 0.027435 0.106436
1 0.629630 0.681931 0.027435 0.106436
