0 0.194396 0.276968 0.038529 0.093294
0 0.231173 0.282799 0.038529 0.093294
0 0.287215 0.288630 0.038529 0.093294
0 0.192644 0.373178 0.038529 0.093294
0 0.192644 0.370262 0.038529 0.093294
0 0.231173 0.376093 0.038529 0.093294
0 0.281961 0.381924 0.038529 0.093294
0 0.190893 0.472303 0.038529 0.093294
0 0.231173 0.472303 0.038529 0.093294
0 0.437828 0.486880 0.038529 0.093294
0 0.190893 0.661808 0.038529 0.093294
0 0.231173 0.664723 0.038529 0.093294
0 0.267951 0.664723 0.038529 0.093294
0 0.499124 0.679300 0.038529 0.093294
0 0.535902 0.676385 0.038529 0.093294
1 0.364273 0.285714 0.024518 0.093294
1 0.402802 0.384840 0.024518 0.093294
1 0.309982 0.661808 0.024518 0.093294
1 0.345009 0.667638 0.024518 0.093294
1 0.404553 0.661808 0.024518 0.093294
1 0.614711 0.673469 0.024518 0.093294
