0 0.237952 0.277895 0.042169 0.101053
0 0.274096 0.280000 0.042169 0.101053
0 0.323494 0.280000 0.042169 0.101053
0 0.236747 0.372632 0.042169 0.101053
0 0.277711 0.374737 0.042169 0.101053
0 0.324699 0.376842 0.042169 0.101053
0 0.241566 0.467368 0.042169 0.101053
0 0.278916 0.471579 0.042169 0.101053
0 0.475301 0.480000 0.042169 0.101053
0 0.237952 0.658947 0.042169 0.101053
0 0.275301 0.658947 0.042169 0.101053
0 0.315060 0.663158 0.042169 0.101053
0 0.536747 0.667368 0.042169 0.101053
0 0.578916 0.673684 0.042169 0.101053
