0 0.205556 0.270833 0.042222 0.094697
0 0.244444 0.274621 0.042222 0.094697
0 0.298889 0.276515 0.042222 0.094697
0 0.203333 0.369318 0.042222 0.094697
0 0.244444 0.375000 0.042222 0.094697
0 0.297778 0.380682 0.042222 0.094697
0 0.203333 0.469697 0.042222 0.094697
0 0.243333 0.473485 0.042222 0.094697
0 0.451111 0.494318 0.042222 0.094697
0 0.205556 0.662879 0.042222 0.094697
0 0.244444 0.664773 0.042222 0.094697
0 0.281111 0.668561 0.042222 0.094697
0 0.505556 0.687500 0.042222 0.094697
0 0.543333 0.691288 0.042222 0.094697
1 0.383333 0.289773 0.026667 0.090909
1 0.420000 0.390152 0.026667 0.090909
1 0.326667 0.666667 0.026667 0.090909
1 0.363333 0.674242 0.026667 0.090909
1 0.420000 0.681818 0.026667 0.090909
1 0.467778 0.687500 0.026667 0.090909
1 0.622222 0.691288 0.026667 0.090909
