0 0.192308 0.268170 0.038462 0.100251
0 0.232249 0.265664 0.038462 0.100251
0 0.281065 0.270677 0.038462 0.100251
0 0.190828 0.358396 0.038462 0.100251
0 0.230769 0.363409 0.038462 0.100251
0 0.279586 0.368421 0.038462 0.100251
0 0.189349 0.456140 0.038462 0.100251
0 0.227811 0.463659 0.038462 0.100251
0 0.433432 0.461153 0.038462 0.100251
0 0.190828 0.646617 0.038462 0.100251
0 0.229290 0.656642 0.038462 0.100251
0 0.266272 0.654135 0.038462 0.100251
0 0.504438 0.664160 0.038462 0.100251
0 0.539941 0.671679 0.038462 0.100251
1 0.363166 0.274436 0.025148 0.097744
1 0.400148 0.369674 0.025148 0.097744
1 0.309911 0.657895 0.025148 0.097744
1 0.348373 0.662907 0.025148 0.097744
1 0.404586 0.662907 0.025148 0.097744
1 0.625000 0.672932 0.025148 0.097744
