0 0.197952 0.250700 0.040956 0.086835
0 0.238908 0.253501 0.040956 0.086835
0 0.290102 0.256303 0.040956 0.086835
0 0.197952 0.345938 0.040956 0.086835
0 0.240614 0.345938 0.040956 0.086835
0 0.290102 0.351541 0.040956 0.086835
0 0.196246 0.441176 0.040956 0.086835
0 0.237201 0.443978 0.040956 0.086835
0 0.440273 0.449580 0.040956 0.086835
0 0.197952 0.623249 0.040956 0.086835
0 0.235495 0.628852 0.040956 0.086835
0 0.274744 0.626050 0.040956 0.086835
0 0.506826 0.634454 0.040956 0.086835
0 0.544369 0.637255 0.040956 0.086835
1 0.371160 0.256303 0.032423 0.086835
1 0.408703 0.354342 0.032423 0.086835
1 0.316553 0.626050 0.032423 0.086835
1 0.357509 0.631653 0.032423 0.086835
1 0.413823 0.634454 0.032423 0.086835
1 0.623720 0.637255 0.032423 0.086835
