0 0.202381 0.257757 0.039683 0.100239
0 0.239418 0.260143 0.039683 0.100239
0 0.289683 0.264916 0.039683 0.100239
0 0.202381 0.353222 0.039683 0.100239
0 0.242063 0.353222 0.039683 0.100239
0 0.288360 0.360382 0.039683 0.100239
0 0.201058 0.455847 0.039683 0.100239
0 0.238095 0.455847 0.039683 0.100239
0 0.441799 0.465394 0.039683 0.100239
0 0.202381 0.656325 0.039683 0.100239
0 0.240741 0.661098 0.039683 0.100239
0 0.276455 0.658711 0.039683 0.100239
0 0.505291 0.661098 0.039683 0.100239
0 0.546296 0.661098 0.039683 0.100239
1 0.409392 0.359189 0.022487 0.102625
1 0.371032 0.266110 0.022487 0.102625
1 0.319444 0.657518 0.022487 0.102625
1 0.357804 0.657518 0.022487 0.102625
1 0.413360 0.662291 0.022487 0.102625
1 0.627646 0.676611 0.022487 0.102625
