0 0.194134 0.264773 0.036313 0.093182
0 0.229050 0.269318 0.036313 0.093182
0 0.279330 0.280682 0.036313 0.093182
0 0.188547 0.353409 0.036313 0.093182
0 0.227654 0.364773 0.036313 0.093182
0 0.277933 0.369318 0.036313 0.093182
0 0.189944 0.451136 0.036313 0.093182
0 0.226257 0.448864 0.036313 0.093182
0 0.428771 0.462500 0.036313 0.093182
0 0.182961 0.630682 0.036313 0.093182
0 0.222067 0.632955 0.036313 0.093182
0 0.259777 0.632955 0.036313 0.093182
0 0.495810 0.657955 0.036313 0.093182
0 0.532123 0.667045 0.036313 0.093182
1 0.359637 0.267045 0.023743 0.093182
1 0.398743 0.367045 0.023743 0.093182
1 0.302374 0.635227 0.023743 0.093182
1 0.342877 0.639773 0.023743 0.093182
1 0.397346 0.648864 0.023743 0.093182
1 0.618017 0.662500 0.023743 0.093182
