0 0.200546 0.282544 0.038199 0.109467
0 0.241473 0.279586 0.038199 0.109467
0 0.287858 0.279586 0.038199 0.109467
0 0.204638 0.397929 0.038199 0.109467
0 0.242838 0.397929 0.038199 0.109467
0 0.290587 0.392012 0.038199 0.109467
0 0.206003 0.513314 0.038199 0.109467
0 0.242838 0.513314 0.038199 0.109467
0 0.432469 0.492604 0.038199 0.109467
0 0.211460 0.744083 0.038199 0.109467
0 0.249659 0.741124 0.038199 0.109467
0 0.286494 0.741124 0.038199 0.109467
0 0.497954 0.714497 0.038199 0.109467
0 0.530696 0.705621 0.038199 0.109467
1 0.359482 0.273669 0.034106 0.103550
1 0.399045 0.380178 0.034106 0.103550
1 0.322647 0.729290 0.034106 0.103550
1 0.358799 0.724852 0.024557 0.106509
1 0.409277 0.724852 0.024557 0.106509
1 0.604366 0.698225 0.024557 0.106509
