0 0.211096 0.281775 0.040595 0.093525
0 0.248985 0.284173 0.040595 0.093525
0 0.301759 0.281775 0.040595 0.093525
0 0.209743 0.382494 0.040595 0.093525
0 0.247632 0.384892 0.040595 0.093525
0 0.303112 0.387290 0.040595 0.093525
0 0.207037 0.485612 0.040595 0.093525
0 0.247632 0.490408 0.040595 0.093525
0 0.456022 0.490408 0.040595 0.093525
0 0.205683 0.689448 0.040595 0.093525
0 0.244926 0.691847 0.040595 0.093525
0 0.284168 0.691847 0.040595 0.093525
0 0.518268 0.696643 0.040595 0.093525
0 0.558863 0.696643 0.040595 0.093525
1 0.389039 0.286571 0.028417 0.103118
1 0.422869 0.382494 0.028417 0.103118
1 0.328146 0.687050 0.028417 0.103118
1 0.366035 0.689448 0.028417 0.103118
1 0.422869 0.694245 0.028417 0.103118
1 0.635318 0.696643 0.028417 0.103118
