0 0.205767 0.263033 0.036697 0.099526
0 0.241153 0.265403 0.036697 0.099526
0 0.293578 0.265403 0.036697 0.099526
0 0.208388 0.372038 0.036697 0.099526
0 0.243775 0.367299 0.036697 0.099526
0 0.293578 0.369668 0.036697 0.099526
0 0.203145 0.466825 0.036697 0.099526
0 0.242464 0.466825 0.036697 0.099526
0 0.445609 0.464455 0.036697 0.099526
0 0.200524 0.672986 0.036697 0.099526
0 0.237221 0.665877 0.036697 0.099526
0 0.281782 0.665877 0.036697 0.099526
0 0.513761 0.675355 0.036697 0.099526
0 0.549148 0.668246 0.036697 0.099526
1 0.374181 0.268957 0.022280 0.101896
1 0.412189 0.361374 0.022280 0.101896
1 0.321756 0.664692 0.022280 0.101896
1 0.359764 0.664692 0.022280 0.101896
1 0.417431 0.671801 0.022280 0.101896
1 0.628440 0.669431 0.022280 0.101896
