0 0.204096 0.260870 0.040960 0.102302
0 0.243644 0.260870 0.040960 0.102302
0 0.301554 0.260870 0.040960 0.102302
0 0.205508 0.365729 0.040960 0.102302
0 0.246469 0.368286 0.040960 0.102302
0 0.297316 0.368286 0.040960 0.102302
0 0.206921 0.473146 0.040960 0.102302
0 0.246469 0.470588 0.040960 0.102302
0 0.455508 0.480818 0.040960 0.102302
0 0.208333 0.677749 0.040960 0.102302
0 0.253531 0.677749 0.040960 0.102302
0 0.291667 0.680307 0.040960 0.102302
0 0.526130 0.685422 0.040960 0.102302
0 0.561441 0.685422 0.040960 0.102302
