0 0.183931 0.262077 0.038513 0.099034
0 0.222444 0.266908 0.038513 0.099034
0 0.272908 0.266908 0.038513 0.099034
0 0.185259 0.368357 0.038513 0.099034
0 0.222444 0.373188 0.038513 0.108696
0 0.274236 0.365942 0.038513 0.108696
0 0.185259 0.467391 0.038513 0.108696
0 0.223772 0.472222 0.038513 0.108696
0 0.430943 0.481884 0.038513 0.108696
0 0.179947 0.675121 0.038513 0.103865
0 0.221116 0.679952 0.038513 0.103865
0 0.260956 0.679952 0.038513 0.103865
0 0.498672 0.694444 0.038513 0.103865
0 0.535857 0.694444 0.038513 0.103865
