0 0.202997 0.259217 0.040872 0.089862
0 0.241144 0.259217 0.040872 0.089862
0 0.291553 0.259217 0.040872 0.089862
0 0.202997 0.351382 0.040872 0.089862
0 0.242507 0.353687 0.040872 0.089862
0 0.294278 0.353687 0.040872 0.089862
0 0.204360 0.448157 0.040872 0.089862
0 0.445504 0.468894 0.040872 0.089862
0 0.243869 0.452765 0.040872 0.089862
0 0.205722 0.637097 0.040872 0.089862
0 0.238420 0.639401 0.040872 0.089862
0 0.277929 0.646313 0.040872 0.089862
0 0.509537 0.662442 0.040872 0.089862
0 0.553134 0.662442 0.040872 0.089862
