0 0.193709 0.273481 0.043046 0.088398
0 0.233444 0.273481 0.043046 0.088398
0 0.281457 0.273481 0.043046 0.088398
0 0.193709 0.367403 0.043046 0.088398
0 0.231788 0.367403 0.043046 0.088398
0 0.283113 0.367403 0.043046 0.088398
0 0.193709 0.461326 0.043046 0.088398
0 0.235099 0.458564 0.043046 0.088398
0 0.433775 0.464088 0.043046 0.088398
0 0.200331 0.646409 0.043046 0.088398
0 0.238411 0.646409 0.043046 0.088398
0 0.279801 0.643646 0.043046 0.088398
0 0.509106 0.651934 0.041391 0.088398
0 0.552152 0.651934 0.041391 0.088398
1 0.360099 0.269337 0.024834 0.096685
1 0.399834 0.363260 0.024834 0.096685
1 0.356788 0.642265 0.024834 0.096685
1 0.318709 0.642265 0.024834 0.096685
1 0.414735 0.647790 0.024834 0.096685
1 0.629967 0.653315 0.024834 0.096685
