0 0.204797 0.264130 0.040590 0.093478
0 0.241697 0.264130 0.040590 0.093478
0 0.290898 0.261957 0.040590 0.093478
0 0.202337 0.357609 0.040590 0.093478
0 0.239237 0.357609 0.040590 0.093478
0 0.293358 0.361957 0.040590 0.093478
0 0.203567 0.457609 0.040590 0.093478
0 0.244157 0.457609 0.040590 0.093478
0 0.442189 0.457609 0.040590 0.093478
0 0.207257 0.646739 0.040590 0.093478
0 0.245387 0.648913 0.040590 0.093478
0 0.284748 0.651087 0.040590 0.093478
0 0.508610 0.651087 0.040590 0.093478
0 0.545510 0.646739 0.040590 0.093478
