0 0.209337 0.291176 0.042169 0.111765
0 0.246988 0.291176 0.042169 0.111765
0 0.302711 0.279412 0.042169 0.111765
0 0.216867 0.402941 0.042169 0.111765
0 0.251506 0.402941 0.042169 0.111765
0 0.305723 0.391176 0.042169 0.111765
0 0.218373 0.511765 0.042169 0.111765
0 0.254518 0.511765 0.042169 0.111765
0 0.462349 0.479412 0.042169 0.111765
0 0.218373 0.726471 0.042169 0.111765
0 0.257530 0.726471 0.042169 0.111765
0 0.299699 0.723529 0.042169 0.111765
0 0.534639 0.700000 0.042169 0.111765
0 0.566265 0.694118 0.042169 0.111765
1 0.388554 0.273529 0.027108 0.105882
1 0.426205 0.379412 0.027108 0.105882
1 0.344880 0.720588 0.027108 0.105882
1 0.382530 0.717647 0.027108 0.105882
1 0.438253 0.708824 0.027108 0.105882
1 0.644578 0.682353 0.027108 0.105882
