0 0.190934 0.257463 0.043956 0.106965
0 0.231456 0.257463 0.039835 0.111940
0 0.283654 0.254975 0.039835 0.111940
0 0.190247 0.356965 0.039835 0.111940
0 0.230082 0.356965 0.039835 0.111940
0 0.282280 0.361940 0.039835 0.111940
0 0.190247 0.463930 0.039835 0.111940
0 0.230082 0.463930 0.039835 0.111940
0 0.438874 0.463930 0.039835 0.111940
0 0.190247 0.675373 0.039835 0.111940
0 0.230082 0.677861 0.039835 0.111940
0 0.269918 0.680348 0.039835 0.111940
0 0.511676 0.680348 0.039835 0.111940
0 0.550137 0.680348 0.039835 0.111940
1 0.370192 0.263682 0.026099 0.109453
1 0.404533 0.363184 0.026099 0.109453
1 0.313874 0.672886 0.028846 0.106965
1 0.353709 0.671642 0.026099 0.109453
1 0.411401 0.671642 0.026099 0.109453
1 0.632555 0.676617 0.026099 0.109453
