0 0.195279 0.234536 0.044349 0.092784
0 0.235336 0.234536 0.044349 0.092784
0 0.283977 0.231959 0.044349 0.092784
0 0.196710 0.340206 0.044349 0.092784
0 0.231044 0.342784 0.044349 0.092784
0 0.282546 0.340206 0.044349 0.092784
0 0.449928 0.451031 0.044349 0.092784
0 0.193848 0.443299 0.044349 0.092784
0 0.233906 0.448454 0.044349 0.092784
0 0.201001 0.654639 0.044349 0.092784
0 0.236767 0.654639 0.044349 0.092784
0 0.283977 0.654639 0.044349 0.092784
0 0.517167 0.667526 0.044349 0.092784
0 0.557225 0.664948 0.044349 0.092784
