0 0.195652 0.278271 0.038208 0.090909
0 0.237813 0.280488 0.038208 0.090909
0 0.291831 0.276053 0.038208 0.090909
0 0.194335 0.375831 0.038208 0.090909
0 0.235178 0.373614 0.038208 0.090909
0 0.287879 0.380266 0.038208 0.090909
0 0.199605 0.473392 0.038208 0.090909
0 0.237813 0.471175 0.038208 0.090909
0 0.439394 0.475610 0.038208 0.090909
0 0.193017 0.661863 0.038208 0.090909
0 0.235178 0.664080 0.038208 0.090909
0 0.273386 0.657428 0.038208 0.090909
0 0.506588 0.659645 0.038208 0.090909
0 0.548748 0.664080 0.038208 0.090909
