0 0.211783 0.279456 0.041401 0.099698
0 0.248408 0.279456 0.041401 0.099698
0 0.296178 0.279456 0.041401 0.099698
0 0.211783 0.379154 0.041401 0.099698
0 0.250000 0.379154 0.041401 0.099698
0 0.299363 0.382175 0.041401 0.099698
0 0.211783 0.487915 0.041401 0.099698
0 0.254777 0.490937 0.041401 0.099698
0 0.455414 0.490937 0.041401 0.099698
0 0.216561 0.696375 0.041401 0.099698
0 0.257962 0.699396 0.041401 0.099698
0 0.294586 0.699396 0.041401 0.099698
0 0.523885 0.699396 0.041401 0.099698
0 0.562102 0.702417 0.041401 0.099698
1 0.379777 0.273414 0.027070 0.099698
1 0.419586 0.385196 0.027070 0.099698
1 0.335191 0.702417 0.027070 0.099698
1 0.371815 0.702417 0.027070 0.099698
1 0.425955 0.705438 0.027070 0.099698
1 0.645701 0.705438 0.027070 0.099698
