0 0.204930 0.274064 0.043662 0.104278
0 0.248592 0.274064 0.043662 0.104278
0 0.297887 0.271390 0.043662 0.104278
0 0.207746 0.381016 0.043662 0.104278
0 0.248592 0.381016 0.043662 0.104278
0 0.299296 0.383690 0.043662 0.104278
0 0.206338 0.490642 0.043662 0.104278
0 0.248592 0.498663 0.043662 0.104278
0 0.454225 0.493316 0.043662 0.104278
0 0.207746 0.707219 0.043662 0.104278
0 0.252817 0.701872 0.043662 0.104278
0 0.286620 0.709893 0.043662 0.104278
0 0.527465 0.704545 0.043662 0.104278
0 0.564085 0.715241 0.043662 0.104278
