0 0.194656 0.276685 0.041221 0.098315
0 0.232824 0.276685 0.041221 0.098315
0 0.284733 0.268258 0.041221 0.098315
0 0.194656 0.380618 0.041221 0.098315
0 0.232824 0.380618 0.041221 0.098315
0 0.283206 0.375000 0.041221 0.098315
0 0.199237 0.487360 0.041221 0.098315
0 0.237405 0.487360 0.041221 0.098315
0 0.443511 0.464888 0.041221 0.098315
0 0.203817 0.692416 0.041221 0.098315
0 0.245038 0.686798 0.041221 0.098315
0 0.284733 0.683989 0.041221 0.098315
0 0.515267 0.661517 0.041221 0.098315
0 0.551908 0.664326 0.041221 0.098315
1 0.366412 0.264045 0.027481 0.117978
1 0.407634 0.362360 0.027481 0.117978
1 0.326718 0.676966 0.027481 0.117978
1 0.357252 0.676966 0.027481 0.117978
1 0.421374 0.686798 0.030534 0.120787
1 0.625954 0.653090 0.030534 0.120787
