0 0.200458 0.268627 0.045819 0.113725
0 0.246277 0.268627 0.045819 0.113725
0 0.248568 0.378431 0.045819 0.113725
0 0.197022 0.378431 0.045819 0.113725
0 0.198167 0.480392 0.045819 0.113725
0 0.246277 0.478431 0.045819 0.113725
0 0.295533 0.372549 0.041237 0.094118
0 0.214204 0.676471 0.041237 0.094118
0 0.256586 0.682353 0.041237 0.094118
0 0.296678 0.688235 0.041237 0.094118
0 0.466781 0.499020 0.033219 0.084314
0 0.538373 0.700000 0.041237 0.094118
0 0.578465 0.700000 0.041237 0.094118
0 0.293242 0.274510 0.045819 0.113725
1 0.381443 0.690196 0.027491 0.101961
1 0.439863 0.698039 0.027491 0.101961
1 0.497136 0.707843 0.027491 0.101961
