0 0.203704 0.253012 0.039781 0.101205
0 0.244856 0.257831 0.039781 0.101205
0 0.294239 0.257831 0.039781 0.101205
0 0.203704 0.354217 0.039781 0.101205
0 0.240741 0.359036 0.039781 0.101205
0 0.291495 0.359036 0.039781 0.101205
0 0.205075 0.453012 0.039781 0.101205
0 0.242112 0.457831 0.039781 0.101205
0 0.443759 0.457831 0.039781 0.101205
0 0.205075 0.648193 0.039781 0.101205
0 0.246228 0.645783 0.039781 0.101205
0 0.510974 0.653012 0.039781 0.101205
0 0.287380 0.648193 0.039781 0.101205
0 0.552126 0.650602 0.039781 0.101205
1 0.368999 0.259036 0.027435 0.098795
1 0.412894 0.353012 0.027435 0.098795
1 0.322359 0.644578 0.027435 0.098795
1 0.356653 0.646988 0.027435 0.098795
1 0.412894 0.649398 0.027435 0.098795
1 0.628258 0.656627 0.027435 0.098795
