0 0.214623 0.282913 0.039308 0.100840
0 0.250786 0.280112 0.039308 0.100840
0 0.301101 0.280112 0.039308 0.100840
0 0.213050 0.378151 0.039308 0.100840
0 0.252358 0.380952 0.039308 0.100840
0 0.302673 0.380952 0.039308 0.100840
0 0.216195 0.478992 0.039308 0.100840
0 0.258648 0.476190 0.039308 0.100840
0 0.455189 0.467787 0.039308 0.100840
0 0.220912 0.675070 0.039308 0.100840
0 0.260220 0.672269 0.039308 0.100840
0 0.294811 0.672269 0.039308 0.100840
0 0.525943 0.655462 0.039308 0.100840
0 0.565252 0.655462 0.039308 0.100840
1 0.378931 0.278711 0.022013 0.092437
1 0.418239 0.362745 0.022013 0.092437
1 0.336478 0.670868 0.022013 0.092437
1 0.375786 0.672269 0.028302 0.095238
1 0.432390 0.661064 0.028302 0.095238
1 0.643082 0.649860 0.028302 0.095238
