0 0.200323 0.259831 0.045234 0.092697
0 0.242326 0.259831 0.045234 0.092697
0 0.298869 0.259831 0.045234 0.092697
0 0.200323 0.369382 0.045234 0.092697
0 0.247173 0.369382 0.045234 0.092697
0 0.300485 0.363764 0.045234 0.092697
0 0.200323 0.478933 0.045234 0.092697
0 0.245557 0.473315 0.045234 0.092697
0 0.468498 0.462079 0.045234 0.092697
0 0.203554 0.689607 0.045234 0.092697
0 0.242326 0.681180 0.045234 0.092697
0 0.290792 0.681180 0.045234 0.092697
0 0.534733 0.661517 0.045234 0.092697
0 0.578352 0.661517 0.045234 0.092697
