0 0.202564 0.253918 0.042735 0.100313
0 0.241880 0.260188 0.042735 0.100313
0 0.293162 0.260188 0.042735 0.100313
0 0.202564 0.363636 0.042735 0.100313
0 0.241880 0.366771 0.042735 0.100313
0 0.200855 0.473354 0.042735 0.100313
0 0.241880 0.476489 0.042735 0.100313
0 0.448718 0.479624 0.042735 0.100313
0 0.202564 0.680251 0.042735 0.100313
0 0.243590 0.680251 0.042735 0.100313
0 0.282906 0.686520 0.042735 0.100313
0 0.515385 0.689655 0.042735 0.100313
0 0.552137 0.691223 0.037607 0.097179
0 0.293162 0.373041 0.042735 0.100313
