0 0.203704 0.270270 0.043210 0.108108
0 0.246914 0.264264 0.043210 0.108108
0 0.296296 0.264264 0.043210 0.108108
0 0.206790 0.378378 0.043210 0.108108
0 0.248457 0.378378 0.043210 0.108108
0 0.294753 0.375375 0.043210 0.108108
0 0.209877 0.495495 0.043210 0.108108
0 0.251543 0.486486 0.043210 0.108108
0 0.450617 0.465465 0.043210 0.108108
0 0.212963 0.705706 0.043210 0.108108
0 0.251543 0.699700 0.043210 0.108108
0 0.296296 0.696697 0.043210 0.108108
0 0.520062 0.663664 0.043210 0.108108
0 0.561728 0.663664 0.043210 0.108108
1 0.375772 0.256757 0.026235 0.105105
1 0.417438 0.358859 0.026235 0.105105
1 0.335648 0.695195 0.026235 0.105105
1 0.369599 0.689189 0.026235 0.105105
1 0.426698 0.683183 0.026235 0.105105
1 0.636574 0.659159 0.026235 0.105105
