0 0.213781 0.265432 0.038869 0.098765
0 0.252650 0.265432 0.038869 0.098765
0 0.307420 0.271605 0.038869 0.098765
0 0.212014 0.367284 0.038869 0.098765
0 0.252650 0.373457 0.038869 0.098765
0 0.305654 0.373457 0.038869 0.098765
0 0.215548 0.472222 0.038869 0.098765
0 0.254417 0.472222 0.038869 0.098765
0 0.462898 0.481481 0.038869 0.098765
0 0.213781 0.672840 0.038869 0.098765
0 0.254417 0.679012 0.038869 0.098765
0 0.293286 0.675926 0.038869 0.098765
0 0.528269 0.682099 0.038869 0.098765
0 0.568905 0.679012 0.038869 0.098765
1 0.389576 0.270062 0.022968 0.095679
1 0.426678 0.378086 0.022968 0.095679
1 0.333039 0.677469 0.022968 0.095679
1 0.371908 0.674383 0.022968 0.095679
1 0.430212 0.680556 0.022968 0.095679
1 0.649293 0.686728 0.022968 0.095679
