0 0.190756 0.249249 0.042017 0.102102
0 0.231092 0.252252 0.042017 0.102102
0 0.278151 0.249249 0.042017 0.102102
0 0.190756 0.351351 0.042017 0.102102
0 0.232773 0.348348 0.042017 0.102102
0 0.281513 0.351351 0.042017 0.102102
0 0.192437 0.450450 0.042017 0.102102
0 0.231092 0.453453 0.042017 0.102102
0 0.439496 0.453453 0.042017 0.102102
0 0.194118 0.660661 0.042017 0.102102
0 0.234454 0.660661 0.042017 0.102102
0 0.276471 0.663664 0.042017 0.102102
0 0.510084 0.672673 0.042017 0.102102
0 0.550420 0.678679 0.042017 0.102102
