0 0.199828 0.266990 0.039451 0.106796
0 0.295883 0.260518 0.039451 0.106796
0 0.203259 0.380259 0.039451 0.106796
0 0.246141 0.380259 0.039451 0.106796
0 0.297599 0.370550 0.039451 0.106796
0 0.203259 0.493528 0.039451 0.106796
0 0.247856 0.493528 0.039451 0.106796
0 0.210120 0.716828 0.039451 0.106796
0 0.251286 0.716828 0.039451 0.106796
0 0.290738 0.713592 0.039451 0.106796
0 0.463979 0.477346 0.039451 0.106796
0 0.541166 0.690939 0.039451 0.106796
0 0.578902 0.694175 0.039451 0.106796
1 0.383362 0.263754 0.032590 0.106796
1 0.422813 0.367314 0.032590 0.106796
1 0.333619 0.713592 0.032590 0.106796
1 0.374786 0.707120 0.032590 0.106796
1 0.438250 0.703883 0.032590 0.106796
1 0.661235 0.687702 0.032590 0.106796
