0 0.203175 0.293716 0.038095 0.090164
0 0.241270 0.285519 0.038095 0.090164
0 0.293651 0.285519 0.038095 0.090164
0 0.204762 0.383880 0.038095 0.090164
0 0.246032 0.386612 0.038095 0.090164
0 0.295238 0.383880 0.038095 0.090164
0 0.207937 0.479508 0.038095 0.090164
0 0.247619 0.482240 0.038095 0.090164
0 0.211111 0.678962 0.038095 0.090164
0 0.252381 0.670765 0.038095 0.090164
0 0.287302 0.673497 0.038095 0.090164
0 0.519841 0.654372 0.036508 0.090164
0 0.557937 0.654372 0.036508 0.090164
0 0.446825 0.465847 0.036508 0.090164
1 0.372222 0.274590 0.023810 0.084699
1 0.413492 0.378415 0.023810 0.084699
1 0.330952 0.665301 0.023810 0.084699
1 0.369048 0.668033 0.026984 0.095628
1 0.424603 0.665301 0.026984 0.095628
1 0.635714 0.648907 0.026984 0.095628
