0 0.209469 0.248021 0.040172 0.100264
0 0.245337 0.248021 0.040172 0.100264
0 0.298422 0.253298 0.040172 0.100264
0 0.209469 0.350923 0.040172 0.100264
0 0.246772 0.350923 0.040172 0.100264
0 0.296987 0.356201 0.040172 0.100264
0 0.206600 0.456464 0.040172 0.100264
0 0.245337 0.453826 0.040172 0.100264
0 0.446198 0.472296 0.040172 0.100264
0 0.208034 0.659631 0.040172 0.100264
0 0.248207 0.662269 0.040172 0.100264
0 0.285509 0.664908 0.040172 0.100264
0 0.512195 0.678100 0.037303 0.105541
0 0.550933 0.680739 0.040172 0.100264
1 0.375897 0.255937 0.025825 0.100264
1 0.416069 0.358839 0.025825 0.100264
1 0.325681 0.662269 0.025825 0.100264
1 0.355811 0.667546 0.025825 0.100264
1 0.413199 0.675462 0.025825 0.100264
1 0.632712 0.680739 0.025825 0.100264
