0 0.212101 0.267059 0.043883 0.091765
0 0.251995 0.271765 0.043883 0.091765
0 0.306516 0.264706 0.043883 0.091765
0 0.217420 0.365882 0.043883 0.091765
0 0.258644 0.368235 0.043883 0.091765
0 0.307846 0.370588 0.043883 0.091765
0 0.216090 0.469412 0.043883 0.091765
0 0.262633 0.467059 0.043883 0.091765
0 0.458112 0.469412 0.043883 0.091765
0 0.214761 0.657647 0.043883 0.091765
0 0.259973 0.655294 0.043883 0.091765
0 0.298537 0.664706 0.043883 0.091765
0 0.527261 0.660000 0.043883 0.091765
0 0.564495 0.662353 0.043883 0.091765
1 0.383644 0.271765 0.027926 0.096471
1 0.424867 0.363529 0.027926 0.096471
1 0.338431 0.655294 0.027926 0.096471
1 0.378324 0.655294 0.027926 0.096471
1 0.431516 0.657647 0.027926 0.096471
1 0.645612 0.664706 0.027926 0.096471
