0 0.202888 0.266043 0.041033 0.093583
0 0.240881 0.263369 0.041033 0.093583
0 0.295593 0.258021 0.041033 0.093583
0 0.204407 0.364973 0.041033 0.093583
0 0.242401 0.364973 0.041033 0.093583
0 0.298632 0.359626 0.041033 0.093583
0 0.456687 0.453209 0.041033 0.093583
0 0.208967 0.471925 0.041033 0.093583
0 0.250000 0.471925 0.041033 0.093583
0 0.215046 0.675134 0.041033 0.093583
0 0.254559 0.675134 0.041033 0.093583
0 0.297112 0.669786 0.041033 0.093583
0 0.531155 0.648396 0.041033 0.093583
0 0.569149 0.643048 0.041033 0.093583
1 0.380699 0.248663 0.025836 0.096257
1 0.423252 0.350267 0.025836 0.096257
1 0.336626 0.668449 0.025836 0.096257
1 0.373100 0.663102 0.025836 0.096257
1 0.433891 0.663102 0.025836 0.096257
1 0.648176 0.641711 0.025836 0.096257
