0 0.210440 0.259887 0.045677 0.096045
0 0.250408 0.259887 0.037520 0.096045
0 0.300979 0.257062 0.037520 0.096045
0 0.211256 0.355932 0.037520 0.096045
0 0.252039 0.355932 0.037520 0.096045
0 0.304241 0.355932 0.037520 0.096045
0 0.212887 0.460452 0.037520 0.096045
0 0.252039 0.457627 0.037520 0.096045
0 0.459217 0.457627 0.037520 0.096045
0 0.216150 0.658192 0.037520 0.096045
0 0.256933 0.658192 0.037520 0.096045
0 0.296085 0.663842 0.037520 0.096045
0 0.535889 0.661017 0.037520 0.096045
0 0.575041 0.661017 0.037520 0.096045
1 0.383361 0.254237 0.026101 0.096045
1 0.422512 0.350282 0.026101 0.096045
1 0.337684 0.658192 0.026101 0.096045
1 0.376835 0.655367 0.026101 0.096045
1 0.440457 0.661017 0.026101 0.096045
1 0.654160 0.652542 0.026101 0.096045
