0 0.204738 0.264062 0.047377 0.103125
0 0.247039 0.257812 0.047377 0.103125
0 0.203892 0.365625 0.035533 0.100000
0 0.244501 0.365625 0.035533 0.100000
0 0.291878 0.259375 0.042301 0.100000
0 0.295262 0.365625 0.042301 0.100000
0 0.207276 0.475000 0.042301 0.100000
0 0.246193 0.475000 0.042301 0.100000
0 0.456007 0.478125 0.042301 0.100000
0 0.210660 0.693750 0.042301 0.100000
0 0.251269 0.690625 0.042301 0.100000
0 0.291878 0.696875 0.042301 0.100000
0 0.532149 0.696875 0.042301 0.100000
0 0.569374 0.700000 0.042301 0.100000
