0 0.222892 0.275342 0.045181 0.106849
0 0.260542 0.272603 0.045181 0.106849
0 0.313253 0.272603 0.045181 0.106849
0 0.221386 0.379452 0.045181 0.106849
0 0.260542 0.373973 0.045181 0.106849
0 0.313253 0.376712 0.045181 0.106849
0 0.225904 0.483562 0.045181 0.106849
0 0.262048 0.483562 0.045181 0.106849
0 0.466867 0.469863 0.045181 0.106849
0 0.228916 0.694521 0.045181 0.106849
0 0.269578 0.686301 0.045181 0.106849
0 0.307229 0.683562 0.045181 0.106849
0 0.540663 0.678082 0.045181 0.106849
0 0.573795 0.669863 0.045181 0.106849
