0 0.196011 0.267898 0.039890 0.092379
0 0.235901 0.265589 0.039890 0.092379
0 0.288171 0.267898 0.039890 0.092379
0 0.194635 0.364896 0.039890 0.092379
0 0.234525 0.364896 0.039890 0.092379
0 0.288171 0.362587 0.039890 0.092379
0 0.196011 0.452656 0.039890 0.092379
0 0.238652 0.459584 0.039890 0.092379
0 0.444979 0.464203 0.039890 0.092379
0 0.197387 0.642032 0.039890 0.092379
0 0.235901 0.648961 0.039890 0.092379
0 0.278542 0.651270 0.039890 0.092379
0 0.512380 0.653580 0.039890 0.092379
0 0.550894 0.655889 0.039890 0.092379
1 0.369326 0.271363 0.028886 0.099307
1 0.406465 0.356813 0.028886 0.099307
1 0.318432 0.647806 0.028886 0.099307
1 0.355571 0.652425 0.028886 0.099307
1 0.416094 0.652425 0.028886 0.099307
1 0.633425 0.659353 0.028886 0.099307
