0 0.211392 0.251740 0.043038 0.095128
0 0.250633 0.251740 0.043038 0.095128
0 0.297468 0.251740 0.043038 0.095128
0 0.212658 0.351508 0.043038 0.095128
0 0.251899 0.351508 0.043038 0.095128
0 0.300000 0.351508 0.043038 0.095128
0 0.212025 0.451276 0.039241 0.109049
0 0.251899 0.453596 0.043038 0.095128
0 0.450000 0.458237 0.039241 0.109049
0 0.214557 0.650812 0.039241 0.109049
0 0.255063 0.648492 0.039241 0.109049
0 0.293038 0.648492 0.039241 0.109049
0 0.518354 0.653132 0.039241 0.109049
0 0.555063 0.648492 0.039241 0.109049
1 0.381013 0.248260 0.022785 0.097448
1 0.415190 0.354988 0.022785 0.097448
1 0.332911 0.647332 0.022785 0.097448
1 0.369620 0.651972 0.022785 0.097448
1 0.422785 0.661253 0.022785 0.097448
1 0.632911 0.654292 0.022785 0.097448
