0 0.200475 0.277439 0.039620 0.109756
0 0.235341 0.268293 0.039620 0.109756
0 0.287639 0.262195 0.039620 0.109756
0 0.202060 0.378049 0.039620 0.109756
0 0.238510 0.368902 0.039620 0.109756
0 0.289223 0.365854 0.039620 0.109756
0 0.202060 0.481707 0.039620 0.109756
0 0.244849 0.481707 0.039620 0.109756
0 0.444532 0.454268 0.039620 0.109756
0 0.213154 0.695122 0.039620 0.109756
0 0.249604 0.682927 0.039620 0.109756
0 0.289223 0.685976 0.039620 0.109756
0 0.514263 0.649390 0.039620 0.109756
0 0.550713 0.649390 0.039620 0.109756
