0 0.207766 0.267094 0.034060 0.081197
0 0.244550 0.269231 0.034060 0.081197
0 0.294959 0.269231 0.034060 0.081197
0 0.207766 0.354701 0.034060 0.081197
0 0.244550 0.356838 0.034060 0.081197
0 0.293597 0.363248 0.034060 0.081197
0 0.206403 0.446581 0.034060 0.081197
0 0.444823 0.461538 0.034060 0.081197
0 0.203678 0.619658 0.034060 0.081197
0 0.240463 0.621795 0.034060 0.081197
0 0.277248 0.628205 0.034060 0.081197
0 0.510218 0.645299 0.034060 0.081197
0 0.548365 0.645299 0.034060 0.081197
1 0.378065 0.270299 0.014986 0.083333
1 0.416213 0.367521 0.017711 0.089744
1 0.322207 0.623932 0.028610 0.089744
1 0.353542 0.628205 0.028610 0.089744
1 0.412125 0.641026 0.028610 0.089744
1 0.631471 0.653846 0.028610 0.089744
