0 0.192790 0.256944 0.040752 0.108333
0 0.230408 0.256944 0.040752 0.108333
0 0.288401 0.254167 0.040752 0.108333
0 0.191223 0.356944 0.040752 0.108333
0 0.233542 0.359722 0.040752 0.108333
0 0.288401 0.359722 0.040752 0.108333
0 0.191223 0.470833 0.040752 0.108333
0 0.231975 0.468056 0.040752 0.108333
0 0.451411 0.459722 0.040752 0.108333
0 0.191223 0.679167 0.040752 0.108333
0 0.233542 0.679167 0.040752 0.108333
0 0.274295 0.681944 0.040752 0.108333
0 0.517241 0.659722 0.040752 0.108333
0 0.556426 0.659722 0.040752 0.108333
