0 0.201299 0.262712 0.038961 0.079903
0 0.238817 0.267554 0.038961 0.079903
0 0.289322 0.265133 0.038961 0.079903
0 0.199856 0.357143 0.038961 0.079903
0 0.235931 0.361985 0.038961 0.079903
0 0.286436 0.364407 0.038961 0.079903
0 0.198413 0.453995 0.038961 0.079903
0 0.234488 0.456416 0.038961 0.079903
0 0.437951 0.466102 0.038961 0.079903
0 0.196970 0.640436 0.038961 0.079903
0 0.233045 0.640436 0.038961 0.079903
0 0.270563 0.642857 0.038961 0.079903
0 0.502886 0.657385 0.038961 0.079903
0 0.544733 0.657385 0.038961 0.079903
1 0.369408 0.272397 0.025974 0.094431
1 0.405483 0.359564 0.025974 0.094431
1 0.310245 0.638015 0.025974 0.094431
1 0.350649 0.642857 0.025974 0.094431
1 0.405483 0.650121 0.025974 0.094431
1 0.629149 0.662228 0.025974 0.094431
