0 0.228682 0.279883 0.038760 0.104956
0 0.262791 0.282799 0.038760 0.104956
0 0.315504 0.282799 0.038760 0.104956
0 0.231783 0.387755 0.038760 0.104956
0 0.268992 0.387755 0.038760 0.104956
0 0.318605 0.384840 0.038760 0.104956
0 0.234884 0.492711 0.038760 0.104956
0 0.268992 0.492711 0.038760 0.104956
0 0.468992 0.481050 0.038760 0.104956
0 0.237984 0.702624 0.038760 0.104956
0 0.278295 0.702624 0.038760 0.104956
0 0.313953 0.696793 0.038760 0.104956
0 0.541860 0.682216 0.038760 0.104956
0 0.579070 0.682216 0.038760 0.104956
