0 0.199225 0.290323 0.041860 0.102151
0 0.239535 0.290323 0.041860 0.102151
0 0.295349 0.290323 0.041860 0.102151
0 0.197674 0.392473 0.041860 0.102151
0 0.239535 0.392473 0.041860 0.102151
0 0.293798 0.395161 0.041860 0.102151
0 0.196124 0.494624 0.041860 0.102151
0 0.242636 0.491935 0.041860 0.102151
0 0.453488 0.489247 0.041860 0.102151
0 0.196124 0.706989 0.041860 0.102151
0 0.239535 0.701613 0.041860 0.102151
0 0.275194 0.698925 0.041860 0.102151
0 0.518605 0.680108 0.041860 0.102151
0 0.558915 0.677419 0.041860 0.102151
1 0.382946 0.286290 0.024806 0.110215
1 0.420155 0.383065 0.024806 0.110215
1 0.319380 0.686828 0.024806 0.110215
1 0.362791 0.692204 0.024806 0.110215
1 0.421705 0.694892 0.024806 0.110215
1 0.638760 0.678763 0.024806 0.110215
