0 0.185841 0.264984 0.042478 0.100946
0 0.228319 0.261830 0.042478 0.100946
0 0.277876 0.268139 0.042478 0.100946
0 0.182301 0.369085 0.042478 0.100946
0 0.226549 0.372240 0.042478 0.100946
0 0.279646 0.372240 0.042478 0.100946
0 0.182301 0.479495 0.042478 0.100946
0 0.224779 0.473186 0.042478 0.100946
0 0.437168 0.485804 0.042478 0.100946
0 0.184071 0.681388 0.042478 0.100946
0 0.228319 0.687697 0.042478 0.100946
0 0.267257 0.687697 0.042478 0.100946
0 0.506195 0.703470 0.042478 0.100946
0 0.543363 0.700315 0.035398 0.100946
