0 0.191057 0.260125 0.037398 0.102804
0 0.228455 0.260125 0.037398 0.102804
0 0.282114 0.250779 0.037398 0.102804
0 0.194309 0.369159 0.037398 0.102804
0 0.230081 0.366044 0.037398 0.102804
0 0.280488 0.369159 0.037398 0.102804
0 0.194309 0.475078 0.037398 0.102804
0 0.234959 0.478193 0.037398 0.102804
0 0.441463 0.468847 0.037398 0.102804
0 0.199187 0.696262 0.037398 0.102804
0 0.239837 0.699377 0.037398 0.102804
0 0.278862 0.696262 0.037398 0.102804
0 0.514634 0.683801 0.037398 0.102804
0 0.552033 0.677570 0.037398 0.102804
1 0.362602 0.249221 0.022764 0.099688
1 0.357724 0.688474 0.022764 0.099688
1 0.321951 0.691589 0.022764 0.099688
1 0.416260 0.685358 0.022764 0.099688
1 0.403252 0.361371 0.022764 0.099688
1 0.632520 0.672897 0.022764 0.099688
