0 0.202186 0.242823 0.040984 0.093301
0 0.240437 0.245215 0.040984 0.093301
0 0.289617 0.242823 0.040984 0.093301
0 0.203552 0.338517 0.040984 0.093301
0 0.239071 0.338517 0.040984 0.093301
0 0.290984 0.340909 0.040984 0.093301
0 0.203552 0.438995 0.040984 0.093301
0 0.241803 0.436603 0.040984 0.093301
0 0.443989 0.443780 0.040984 0.093301
0 0.206284 0.632775 0.040984 0.093301
0 0.241803 0.632775 0.040984 0.093301
0 0.281421 0.632775 0.040984 0.093301
0 0.509563 0.632775 0.040984 0.093301
0 0.549180 0.639952 0.040984 0.093301
1 0.370902 0.242823 0.028689 0.093301
1 0.409153 0.336124 0.028689 0.093301
1 0.321721 0.637560 0.028689 0.093301
1 0.357240 0.637560 0.028689 0.093301
1 0.414617 0.637560 0.028689 0.093301
1 0.627732 0.642344 0.028689 0.093301
