0 0.193571 0.243280 0.041429 0.110215
0 0.229286 0.245968 0.041429 0.110215
0 0.283571 0.250000 0.047143 0.096774
0 0.193571 0.360215 0.041429 0.096774
0 0.234286 0.361559 0.034286 0.099462
0 0.285000 0.360215 0.041429 0.096774
0 0.190714 0.467742 0.041429 0.096774
0 0.236429 0.467742 0.041429 0.096774
0 0.445000 0.473118 0.041429 0.096774
0 0.196429 0.685484 0.041429 0.096774
0 0.236429 0.688172 0.041429 0.096774
0 0.277857 0.690860 0.041429 0.096774
0 0.515000 0.690860 0.041429 0.096774
0 0.555000 0.693548 0.041429 0.096774
