0 0.195848 0.276873 0.045126 0.097720
0 0.235560 0.273616 0.045126 0.097720
0 0.289711 0.267101 0.045126 0.097720
0 0.195848 0.377850 0.045126 0.097720
0 0.239170 0.377850 0.045126 0.097720
0 0.291516 0.374593 0.045126 0.097720
0 0.197653 0.488599 0.045126 0.097720
0 0.240975 0.488599 0.045126 0.097720
0 0.206679 0.700326 0.045126 0.097720
0 0.246390 0.693811 0.045126 0.097720
0 0.287906 0.693811 0.045126 0.097720
0 0.526173 0.667752 0.045126 0.097720
0 0.565884 0.664495 0.045126 0.097720
0 0.453971 0.465798 0.045126 0.097720
