0 0.200425 0.260925 0.043909 0.100257
0 0.238669 0.260925 0.043909 0.100257
0 0.292493 0.260925 0.043909 0.100257
0 0.199008 0.368895 0.043909 0.100257
0 0.240085 0.374036 0.043909 0.100257
0 0.292493 0.374036 0.043909 0.100257
0 0.199008 0.471722 0.043909 0.100257
0 0.241501 0.484576 0.043909 0.100257
0 0.451133 0.482005 0.043909 0.100257
0 0.196176 0.682519 0.043909 0.100257
0 0.235836 0.685090 0.043909 0.100257
0 0.278329 0.685090 0.043909 0.100257
0 0.519122 0.692802 0.043909 0.100257
0 0.554533 0.690231 0.043909 0.100257
1 0.376771 0.263496 0.031161 0.100257
1 0.413598 0.374036 0.031161 0.100257
1 0.320113 0.690231 0.031161 0.100257
1 0.361190 0.690231 0.031161 0.100257
1 0.419263 0.682519 0.031161 0.100257
1 0.640227 0.695373 0.031161 0.100257
