0 0.185351 0.238903 0.041854 0.096606
0 0.227205 0.233681 0.041854 0.096606
0 0.182362 0.338120 0.041854 0.096606
0 0.222720 0.332898 0.041854 0.096606
0 0.275037 0.238903 0.041854 0.096606
0 0.276532 0.335509 0.041854 0.096606
0 0.186846 0.432115 0.041854 0.096606
0 0.225710 0.432115 0.041854 0.096606
0 0.430493 0.445170 0.041854 0.096606
0 0.185351 0.635770 0.041854 0.096606
0 0.227205 0.640992 0.041854 0.096606
0 0.267564 0.640992 0.041854 0.096606
0 0.502242 0.651436 0.041854 0.096606
0 0.545590 0.648825 0.041854 0.096606
1 0.359492 0.241514 0.025411 0.101828
1 0.396861 0.340731 0.025411 0.101828
1 0.308670 0.635770 0.025411 0.101828
1 0.344544 0.640992 0.025411 0.101828
1 0.401345 0.643603 0.025411 0.101828
1 0.625561 0.661880 0.025411 0.101828
