0 0.204327 0.259916 0.040865 0.102296
0 0.241587 0.257829 0.040865 0.102296
0 0.289663 0.257829 0.040865 0.102296
0 0.203125 0.349687 0.040865 0.102296
0 0.240385 0.349687 0.040865 0.102296
0 0.290865 0.353862 0.040865 0.102296
0 0.204327 0.447808 0.040865 0.102296
0 0.245192 0.445720 0.040865 0.102296
0 0.438702 0.449896 0.040865 0.102296
0 0.209135 0.637787 0.040865 0.102296
0 0.246394 0.637787 0.040865 0.102296
0 0.286058 0.633612 0.040865 0.102296
0 0.502404 0.644050 0.040865 0.102296
0 0.544471 0.652401 0.040865 0.102296
1 0.370192 0.252610 0.021635 0.087683
1 0.409856 0.361169 0.021635 0.087683
1 0.323317 0.635699 0.026442 0.114823
1 0.356971 0.635699 0.026442 0.114823
1 0.411058 0.639875 0.026442 0.114823
1 0.627404 0.646138 0.026442 0.102296
