0 0.196401 0.258333 0.042254 0.100000
0 0.237089 0.258333 0.042254 0.100000
0 0.193271 0.363889 0.042254 0.100000
0 0.235524 0.358333 0.042254 0.100000
0 0.288732 0.363889 0.042254 0.100000
0 0.290297 0.258333 0.042254 0.100000
0 0.193271 0.477778 0.042254 0.100000
0 0.235524 0.469444 0.042254 0.100000
0 0.446792 0.463889 0.042254 0.100000
0 0.188576 0.683333 0.042254 0.100000
0 0.233959 0.683333 0.042254 0.100000
0 0.274648 0.683333 0.042254 0.100000
0 0.521909 0.669444 0.042254 0.100000
0 0.554773 0.666667 0.042254 0.100000
1 0.378717 0.250000 0.028169 0.100000
1 0.419405 0.352778 0.028169 0.100000
1 0.323944 0.680556 0.028169 0.100000
1 0.361502 0.677778 0.028169 0.100000
1 0.419405 0.675000 0.028169 0.100000
1 0.632238 0.658333 0.028169 0.100000
