0 0.199821 0.266975 0.041219 0.101852
0 0.239247 0.263889 0.041219 0.101852
0 0.294803 0.266975 0.041219 0.101852
0 0.199821 0.362654 0.041219 0.101852
0 0.241039 0.365741 0.041219 0.101852
0 0.294803 0.371914 0.041219 0.101852
0 0.199821 0.470679 0.041219 0.101852
0 0.239247 0.470679 0.041219 0.101852
0 0.450717 0.483025 0.041219 0.101852
0 0.199821 0.674383 0.041219 0.101852
0 0.237455 0.674383 0.041219 0.101852
0 0.278674 0.674383 0.041219 0.101852
0 0.515233 0.683642 0.041219 0.101852
0 0.552867 0.683642 0.041219 0.101852
1 0.376344 0.280864 0.035842 0.104938
1 0.412186 0.376543 0.035842 0.104938
1 0.318996 0.669753 0.035842 0.104938
1 0.354839 0.679012 0.035842 0.104938
1 0.413978 0.685185 0.035842 0.104938
1 0.634409 0.685185 0.035842 0.104938
