0 0.197735 0.270468 0.043554 0.090643
0 0.236063 0.270468 0.043554 0.090643
0 0.288328 0.273392 0.043554 0.090643
0 0.194251 0.369883 0.043554 0.090643
0 0.236063 0.372807 0.043554 0.090643
0 0.283101 0.369883 0.043554 0.090643
0 0.195993 0.463450 0.043554 0.090643
0 0.236063 0.466374 0.043554 0.090643
0 0.443380 0.478070 0.043554 0.090643
0 0.192509 0.656433 0.043554 0.090643
0 0.232578 0.662281 0.043554 0.090643
0 0.274390 0.665205 0.043554 0.090643
0 0.507840 0.673977 0.043554 0.090643
0 0.542683 0.673977 0.043554 0.090643
1 0.371080 0.282164 0.027875 0.102339
1 0.407666 0.366959 0.027875 0.102339
1 0.315331 0.665205 0.027875 0.102339
1 0.351916 0.668129 0.027875 0.102339
1 0.412892 0.665205 0.027875 0.102339
1 0.627178 0.671053 0.027875 0.102339
