0 0.210158 0.267477 0.042032 0.103343
0 0.252189 0.267477 0.042032 0.103343
0 0.302977 0.270517 0.042032 0.103343
0 0.211909 0.367781 0.042032 0.103343
0 0.246935 0.370821 0.042032 0.103343
0 0.301226 0.370821 0.042032 0.103343
0 0.208406 0.471125 0.042032 0.103343
0 0.250438 0.477204 0.042032 0.103343
0 0.451839 0.480243 0.042032 0.103343
0 0.208406 0.671733 0.042032 0.103343
0 0.246935 0.671733 0.042032 0.103343
0 0.288967 0.674772 0.042032 0.103343
0 0.518389 0.677812 0.042032 0.103343
0 0.558669 0.683891 0.042032 0.103343
1 0.385289 0.278116 0.028021 0.094225
1 0.422067 0.381459 0.028021 0.094225
1 0.330998 0.679331 0.028021 0.094225
1 0.362522 0.679331 0.028021 0.094225
1 0.423818 0.676292 0.028021 0.094225
1 0.635727 0.685410 0.028021 0.094225
