0 0.205479 0.267802 0.041096 0.095975
0 0.248288 0.264706 0.041096 0.095975
0 0.205479 0.373065 0.041096 0.095975
0 0.251712 0.369969 0.041096 0.095975
0 0.208904 0.487616 0.041096 0.095975
0 0.251712 0.478328 0.041096 0.095975
0 0.214041 0.691950 0.041096 0.095975
0 0.251712 0.695046 0.041096 0.095975
0 0.297945 0.691950 0.041096 0.095975
0 0.304795 0.369969 0.041096 0.095975
0 0.301370 0.267802 0.041096 0.095975
0 0.465753 0.475232 0.041096 0.095975
0 0.541096 0.676471 0.041096 0.095975
0 0.583904 0.682663 0.041096 0.095975
1 0.389555 0.260062 0.025685 0.099071
1 0.427226 0.365325 0.025685 0.099071
1 0.341610 0.687307 0.025685 0.099071
1 0.382705 0.687307 0.025685 0.099071
1 0.439212 0.684211 0.025685 0.099071
1 0.665240 0.671827 0.025685 0.099071
