0 0.207692 0.311782 0.043077 0.112069
0 0.249231 0.311782 0.043077 0.112069
0 0.209231 0.420977 0.043077 0.112069
0 0.250769 0.415230 0.043077 0.112069
0 0.300000 0.306034 0.043077 0.112069
0 0.306154 0.415230 0.043077 0.112069
0 0.212308 0.524425 0.043077 0.112069
0 0.258462 0.524425 0.043077 0.112069
0 0.464615 0.504310 0.043077 0.112069
0 0.218462 0.748563 0.043077 0.112069
0 0.261538 0.742816 0.043077 0.112069
0 0.306154 0.734195 0.043077 0.112069
0 0.543077 0.711207 0.043077 0.112069
0 0.576923 0.705460 0.033846 0.123563
1 0.385385 0.300287 0.029231 0.106322
1 0.425385 0.395115 0.029231 0.106322
1 0.345385 0.728448 0.029231 0.106322
1 0.380769 0.728448 0.029231 0.106322
1 0.440769 0.728448 0.029231 0.106322
1 0.656154 0.702586 0.029231 0.106322
