0 0.202886 0.219745 0.042445 0.108280
0 0.241935 0.219745 0.042445 0.108280
0 0.292869 0.222930 0.042445 0.108280
0 0.201188 0.334395 0.042445 0.108280
0 0.241935 0.337580 0.042445 0.108280
0 0.291171 0.334395 0.042445 0.108280
0 0.202886 0.442675 0.042445 0.108280
0 0.241935 0.439490 0.042445 0.108280
0 0.450764 0.455414 0.042445 0.108280
0 0.206282 0.662420 0.042445 0.108280
0 0.247029 0.665605 0.042445 0.108280
0 0.289474 0.665605 0.042445 0.108280
0 0.528862 0.665605 0.042445 0.108280
0 0.567912 0.665605 0.042445 0.108280
1 0.376910 0.226115 0.027165 0.108280
1 0.415959 0.340764 0.027165 0.108280
1 0.324278 0.668790 0.027165 0.108280
1 0.366723 0.671975 0.027165 0.108280
1 0.427844 0.665605 0.027165 0.108280
1 0.651952 0.681529 0.027165 0.108280
