0 0.199357 0.260684 0.045016 0.099715
0 0.236334 0.260684 0.045016 0.099715
0 0.292605 0.257835 0.045016 0.099715
0 0.200965 0.368946 0.045016 0.099715
0 0.242765 0.366097 0.045016 0.099715
0 0.297428 0.360399 0.045016 0.099715
0 0.200965 0.477208 0.045016 0.099715
0 0.241158 0.474359 0.045016 0.099715
0 0.456592 0.457265 0.045016 0.099715
0 0.204180 0.682336 0.045016 0.099715
0 0.250804 0.679487 0.045016 0.099715
0 0.290997 0.676638 0.045016 0.099715
0 0.530547 0.653846 0.045016 0.099715
0 0.569132 0.656695 0.045016 0.099715
