0 0.213306 0.295970 0.042524 0.103275
0 0.253086 0.295970 0.042524 0.103275
0 0.303841 0.293451 0.042524 0.103275
0 0.213306 0.406801 0.042524 0.103275
0 0.254458 0.401763 0.042524 0.103275
0 0.303841 0.401763 0.042524 0.103275
0 0.216049 0.500000 0.042524 0.103275
0 0.254458 0.502519 0.042524 0.103275
0 0.464335 0.497481 0.042524 0.103275
0 0.218793 0.719144 0.042524 0.103275
0 0.259945 0.709068 0.042524 0.103275
0 0.301097 0.706549 0.042524 0.103275
0 0.527435 0.704030 0.042524 0.103275
0 0.564472 0.698992 0.042524 0.103275
