0 0.194368 0.267943 0.045330 0.095694
0 0.235577 0.267943 0.045330 0.095694
0 0.283654 0.263158 0.045330 0.095694
0 0.191621 0.361244 0.045330 0.095694
0 0.236951 0.358852 0.045330 0.095694
0 0.286401 0.361244 0.045330 0.095694
0 0.195742 0.459330 0.045330 0.095694
0 0.235577 0.456938 0.045330 0.095694
0 0.436126 0.456938 0.045330 0.095694
0 0.194368 0.645933 0.045330 0.095694
0 0.236951 0.645933 0.045330 0.095694
0 0.276786 0.653110 0.045330 0.095694
0 0.503434 0.648325 0.045330 0.095694
0 0.540522 0.653110 0.045330 0.095694
1 0.362637 0.263158 0.024725 0.105263
1 0.402473 0.356459 0.024725 0.105263
1 0.315934 0.654306 0.024725 0.098086
1 0.353022 0.651914 0.024725 0.098086
1 0.406593 0.651914 0.024725 0.098086
1 0.623626 0.649522 0.024725 0.098086
