0 0.202128 0.257703 0.042553 0.112045
0 0.241641 0.252101 0.042553 0.112045
0 0.297872 0.249300 0.042553 0.112045
0 0.205167 0.358543 0.042553 0.112045
0 0.247720 0.355742 0.042553 0.112045
0 0.293313 0.355742 0.042553 0.112045
0 0.208207 0.456583 0.042553 0.112045
0 0.252280 0.459384 0.042553 0.112045
0 0.454407 0.448179 0.042553 0.112045
0 0.211246 0.669468 0.042553 0.112045
0 0.252280 0.666667 0.042553 0.112045
0 0.291793 0.666667 0.042553 0.112045
0 0.524316 0.649860 0.042553 0.112045
0 0.560790 0.649860 0.042553 0.112045
1 0.381459 0.245098 0.030395 0.098039
1 0.416413 0.340336 0.030395 0.098039
1 0.335866 0.661064 0.030395 0.112045
1 0.369301 0.661064 0.030395 0.112045
1 0.430091 0.661064 0.030395 0.112045
1 0.645897 0.647059 0.030395 0.112045
