0 0.207958 0.268617 0.040541 0.095745
0 0.245495 0.268617 0.040541 0.095745
0 0.298048 0.263298 0.040541 0.095745
0 0.207958 0.367021 0.040541 0.095745
0 0.245495 0.367021 0.040541 0.095745
0 0.301051 0.361702 0.040541 0.095745
0 0.212462 0.468085 0.040541 0.095745
0 0.253003 0.468085 0.040541 0.095745
0 0.454204 0.452128 0.040541 0.095745
0 0.218468 0.675532 0.040541 0.095745
0 0.256006 0.667553 0.040541 0.095745
0 0.298048 0.664894 0.040541 0.095745
0 0.527778 0.640957 0.040541 0.095745
0 0.562312 0.635638 0.040541 0.095745
