0 0.200546 0.250000 0.040928 0.105769
0 0.237381 0.252404 0.040928 0.105769
0 0.286494 0.250000 0.040928 0.105769
0 0.200546 0.346154 0.040928 0.105769
0 0.240109 0.346154 0.040928 0.105769
0 0.289222 0.350962 0.040928 0.105769
0 0.203274 0.444712 0.040928 0.105769
0 0.242838 0.444712 0.040928 0.105769
0 0.442019 0.449519 0.040928 0.105769
0 0.204638 0.637019 0.040928 0.105769
0 0.238745 0.634615 0.040928 0.105769
0 0.281037 0.632212 0.040928 0.105769
0 0.511596 0.646635 0.040928 0.105769
0 0.545703 0.646635 0.040928 0.105769
1 0.405184 0.342548 0.030014 0.093750
1 0.364256 0.243990 0.030014 0.093750
1 0.319236 0.640625 0.030014 0.093750
1 0.353342 0.638221 0.030014 0.093750
1 0.417462 0.633413 0.030014 0.093750
1 0.631651 0.647837 0.030014 0.093750
