0 0.206304 0.250000 0.042980 0.102094
0 0.246418 0.257853 0.042980 0.102094
0 0.299427 0.257853 0.042980 0.102094
0 0.210602 0.359948 0.042980 0.102094
0 0.250716 0.359948 0.042980 0.102094
0 0.300860 0.365183 0.042980 0.102094
0 0.212034 0.464660 0.042980 0.102094
0 0.250716 0.467277 0.042980 0.102094
0 0.459885 0.467277 0.042980 0.102094
0 0.213467 0.668848 0.042980 0.102094
0 0.252149 0.674084 0.042980 0.102094
0 0.292264 0.671466 0.042980 0.102094
0 0.528653 0.679319 0.042980 0.102094
0 0.570201 0.684555 0.042980 0.102094
