0 0.196774 0.262319 0.045161 0.101449
0 0.237097 0.262319 0.045161 0.101449
0 0.291935 0.259420 0.045161 0.101449
0 0.195161 0.366667 0.045161 0.101449
0 0.238710 0.366667 0.045161 0.101449
0 0.293548 0.366667 0.045161 0.101449
0 0.193548 0.476812 0.045161 0.101449
0 0.235484 0.473913 0.045161 0.101449
0 0.454839 0.456522 0.045161 0.101449
0 0.195161 0.688406 0.045161 0.101449
0 0.237097 0.685507 0.045161 0.101449
0 0.280645 0.682609 0.045161 0.101449
0 0.527419 0.671014 0.045161 0.101449
0 0.569355 0.668116 0.045161 0.101449
1 0.379032 0.257971 0.029032 0.092754
1 0.327419 0.684058 0.029032 0.092754
1 0.366129 0.684058 0.029032 0.092754
1 0.427419 0.678261 0.029032 0.092754
1 0.419355 0.359420 0.029032 0.092754
1 0.645161 0.660870 0.029032 0.092754
