0 0.207337 0.274064 0.041467 0.093583
0 0.248804 0.274064 0.041467 0.093583
0 0.303030 0.268717 0.041467 0.093583
0 0.208931 0.381016 0.041467 0.093583
0 0.248804 0.378342 0.041467 0.093583
0 0.304625 0.370321 0.041467 0.093583
0 0.210526 0.477273 0.041467 0.093583
0 0.251994 0.474599 0.041467 0.093583
0 0.470494 0.461230 0.041467 0.093583
0 0.213716 0.685829 0.041467 0.093583
0 0.251994 0.677807 0.041467 0.093583
0 0.299841 0.672460 0.041467 0.093583
0 0.542265 0.645722 0.041467 0.093583
0 0.583732 0.645722 0.041467 0.093583
1 0.393142 0.266043 0.027113 0.093583
1 0.434609 0.362299 0.027113 0.093583
1 0.342105 0.669786 0.027113 0.093583
1 0.378788 0.661765 0.027113 0.093583
1 0.442584 0.661765 0.027113 0.093583
1 0.661085 0.640374 0.027113 0.093583
