0 0.199194 0.288690 0.037097 0.101190
0 0.237903 0.288690 0.037097 0.101190
0 0.289516 0.282738 0.037097 0.101190
0 0.205645 0.389881 0.037097 0.101190
0 0.242742 0.386905 0.037097 0.101190
0 0.294355 0.383929 0.037097 0.101190
0 0.208871 0.494048 0.037097 0.101190
0 0.247581 0.488095 0.037097 0.101190
0 0.452419 0.470238 0.037097 0.101190
0 0.215323 0.708333 0.037097 0.101190
0 0.254032 0.699405 0.037097 0.101190
0 0.292742 0.696429 0.037097 0.101190
0 0.528226 0.666667 0.037097 0.101190
0 0.568548 0.666667 0.037097 0.101190
1 0.373387 0.270833 0.024194 0.095238
1 0.412097 0.363095 0.024194 0.095238
1 0.337097 0.694940 0.025806 0.104167
1 0.374194 0.688988 0.025806 0.104167
1 0.432258 0.680060 0.025806 0.104167
1 0.645161 0.647321 0.025806 0.104167
