0 0.213355 0.259317 0.039088 0.102484
0 0.252443 0.259317 0.039088 0.102484
0 0.307818 0.259317 0.039088 0.102484
0 0.216612 0.371118 0.039088 0.102484
0 0.258958 0.371118 0.039088 0.102484
0 0.306189 0.368012 0.039088 0.102484
0 0.219870 0.482919 0.039088 0.102484
0 0.258958 0.473602 0.039088 0.102484
0 0.467427 0.464286 0.039088 0.102484
0 0.221498 0.700311 0.039088 0.102484
0 0.262215 0.700311 0.039088 0.102484
0 0.299674 0.700311 0.039088 0.102484
0 0.540717 0.681677 0.039088 0.102484
0 0.579805 0.681677 0.039088 0.102484
1 0.387622 0.253106 0.029316 0.114907
1 0.428339 0.358696 0.029316 0.114907
1 0.345277 0.697205 0.029316 0.114907
1 0.381107 0.694099 0.029316 0.114907
1 0.442997 0.687888 0.029316 0.114907
1 0.656352 0.672360 0.029316 0.114907
