0 0.200258 0.253012 0.041344 0.091566
0 0.239018 0.253012 0.041344 0.091566
0 0.286822 0.253012 0.041344 0.091566
0 0.193798 0.351807 0.041344 0.091566
0 0.237726 0.354217 0.041344 0.091566
0 0.284238 0.354217 0.041344 0.091566
0 0.200258 0.453012 0.041344 0.091566
0 0.237726 0.457831 0.041344 0.091566
0 0.434109 0.457831 0.041344 0.091566
0 0.200258 0.657831 0.041344 0.091566
0 0.239018 0.660241 0.041344 0.091566
0 0.280362 0.660241 0.041344 0.091566
0 0.490956 0.662651 0.041344 0.091566
0 0.531008 0.662651 0.041344 0.091566
1 0.367571 0.255422 0.019380 0.096386
1 0.405039 0.359036 0.019380 0.096386
1 0.315891 0.662651 0.019380 0.096386
1 0.352067 0.657831 0.019380 0.096386
1 0.408915 0.663855 0.029716 0.098795
1 0.607881 0.661446 0.029716 0.098795
