0 0.209856 0.250000 0.043189 0.072438
0 0.255814 0.258834 0.044297 0.086572
0 0.207087 0.340106 0.044297 0.086572
0 0.251384 0.348940 0.044297 0.086572
0 0.297896 0.350707 0.044297 0.086572
0 0.205980 0.428445 0.044297 0.086572
0 0.253599 0.437279 0.044297 0.086572
0 0.452935 0.454947 0.044297 0.086572
0 0.209302 0.608657 0.044297 0.086572
0 0.250277 0.617491 0.044297 0.086572
0 0.290144 0.615724 0.044297 0.086572
0 0.513843 0.640459 0.044297 0.086572
0 0.549280 0.643993 0.044297 0.086572
1 0.419712 0.361307 0.033223 0.086572
1 0.333333 0.621025 0.033223 0.086572
1 0.367663 0.624558 0.033223 0.086572
1 0.426357 0.628092 0.033223 0.086572
1 0.631229 0.652827 0.033223 0.086572
