0 0.209184 0.276102 0.035714 0.088167
0 0.246173 0.280742 0.035714 0.088167
0 0.294643 0.287703 0.035714 0.088167
0 0.206633 0.378190 0.035714 0.088167
0 0.243622 0.378190 0.035714 0.088167
0 0.293367 0.382831 0.035714 0.088167
0 0.205357 0.477958 0.035714 0.088167
0 0.243622 0.480278 0.035714 0.088167
0 0.438776 0.480278 0.035714 0.088167
0 0.204082 0.677494 0.035714 0.088167
0 0.238520 0.675174 0.035714 0.088167
0 0.278061 0.675174 0.035714 0.088167
0 0.500000 0.675174 0.035714 0.088167
0 0.534439 0.682135 0.035714 0.088167
