0 0.203547 0.267692 0.042230 0.092308
0 0.242399 0.267692 0.042230 0.092308
0 0.289696 0.267692 0.042230 0.092308
0 0.201858 0.372308 0.042230 0.092308
0 0.242399 0.369231 0.042230 0.092308
0 0.293074 0.372308 0.042230 0.092308
0 0.201858 0.467692 0.042230 0.092308
0 0.240709 0.470769 0.042230 0.092308
0 0.445101 0.480000 0.042230 0.092308
0 0.201858 0.673846 0.042230 0.092308
0 0.244088 0.676923 0.042230 0.092308
0 0.282939 0.680000 0.042230 0.092308
0 0.504223 0.686154 0.042230 0.092308
0 0.543074 0.686154 0.042230 0.092308
1 0.375000 0.267692 0.023649 0.110769
1 0.410473 0.375385 0.023649 0.110769
1 0.324324 0.676923 0.023649 0.110769
1 0.358108 0.676923 0.023649 0.110769
1 0.413851 0.686154 0.023649 0.110769
1 0.621622 0.686154 0.023649 0.110769
