0 0.210667 0.262850 0.040000 0.086449
0 0.250667 0.267523 0.040000 0.086449
0 0.299333 0.274533 0.044000 0.100467
0 0.208667 0.365654 0.044000 0.100467
0 0.247333 0.370327 0.044000 0.100467
0 0.297333 0.377336 0.042667 0.105140
0 0.208000 0.462617 0.040000 0.093458
0 0.208000 0.462617 0.040000 0.093458
0 0.248000 0.469626 0.040000 0.093458
0 0.456000 0.502336 0.040000 0.093458
0 0.206667 0.670561 0.040000 0.093458
0 0.246667 0.670561 0.040000 0.093458
0 0.285333 0.677570 0.040000 0.093458
0 0.514667 0.705607 0.040000 0.093458
0 0.550667 0.705607 0.040000 0.093458
