0 0.204301 0.262121 0.046595 0.093939
0 0.249104 0.265152 0.046595 0.093939
0 0.297491 0.265152 0.046595 0.093939
0 0.200717 0.362121 0.046595 0.093939
0 0.245520 0.362121 0.046595 0.093939
0 0.297491 0.362121 0.046595 0.093939
0 0.203405 0.462121 0.044803 0.093939
0 0.248208 0.462121 0.044803 0.093939
0 0.456093 0.474242 0.044803 0.093939
0 0.203405 0.656061 0.044803 0.093939
0 0.242832 0.662121 0.044803 0.093939
0 0.287634 0.668182 0.044803 0.093939
0 0.520609 0.671212 0.044803 0.093939
0 0.556452 0.677273 0.044803 0.093939
1 0.379928 0.275758 0.025090 0.096970
1 0.419355 0.369697 0.025090 0.096970
1 0.326165 0.666667 0.025090 0.096970
1 0.363799 0.666667 0.025090 0.096970
1 0.421147 0.672727 0.025090 0.096970
1 0.641577 0.681818 0.025090 0.096970
