0 0.194068 0.244582 0.042373 0.092879
0 0.239831 0.247678 0.042373 0.092879
0 0.292373 0.247678 0.042373 0.092879
0 0.202542 0.359133 0.042373 0.092879
0 0.243220 0.356037 0.042373 0.092879
0 0.294068 0.352941 0.042373 0.092879
0 0.202542 0.467492 0.042373 0.092879
0 0.239831 0.464396 0.042373 0.092879
0 0.455085 0.464396 0.042373 0.092879
0 0.205932 0.684211 0.042373 0.092879
0 0.244915 0.687307 0.042373 0.092879
0 0.287288 0.687307 0.042373 0.092879
0 0.531356 0.681115 0.042373 0.092879
0 0.573729 0.678019 0.042373 0.092879
1 0.377966 0.243034 0.027119 0.102167
1 0.422034 0.342105 0.027119 0.102167
1 0.332203 0.682663 0.027119 0.102167
1 0.371186 0.676471 0.027119 0.102167
1 0.428814 0.679567 0.027119 0.102167
1 0.655932 0.673375 0.027119 0.102167
