0 0.185730 0.242515 0.045300 0.105788
0 0.228766 0.248503 0.045300 0.105788
0 0.284258 0.256487 0.045300 0.105788
0 0.183465 0.354291 0.045300 0.105788
0 0.229898 0.358283 0.045300 0.105788
0 0.281993 0.362275 0.045300 0.105788
0 0.184598 0.460080 0.045300 0.105788
0 0.223103 0.468064 0.045300 0.105788
0 0.438279 0.480040 0.045300 0.105788
0 0.180068 0.665669 0.045300 0.105788
0 0.225368 0.667665 0.045300 0.105788
0 0.268403 0.667665 0.045300 0.105788
0 0.499434 0.679641 0.040770 0.113772
0 0.542469 0.675649 0.040770 0.113772
1 0.370328 0.268463 0.029445 0.109780
1 0.409966 0.370259 0.029445 0.109780
1 0.310306 0.669661 0.029445 0.109780
1 0.343148 0.671657 0.029445 0.109780
1 0.404304 0.677645 0.029445 0.109780
1 0.613817 0.691617 0.029445 0.109780
