0 0.190673 0.271242 0.038961 0.098039
0 0.227273 0.260349 0.038961 0.098039
0 0.193034 0.364924 0.038961 0.098039
0 0.229634 0.367102 0.038961 0.098039
0 0.279221 0.375817 0.038961 0.098039
0 0.190673 0.476035 0.038961 0.098039
0 0.230815 0.476035 0.038961 0.098039
0 0.426800 0.482571 0.038961 0.098039
0 0.190673 0.678649 0.038961 0.098039
0 0.224911 0.678649 0.038961 0.098039
0 0.262692 0.678649 0.038961 0.098039
0 0.492916 0.687364 0.038961 0.098039
0 0.529516 0.687364 0.038961 0.098039
1 0.306966 0.680828 0.033058 0.106754
1 0.342385 0.678649 0.033058 0.106754
1 0.395514 0.678649 0.033058 0.106754
1 0.606848 0.691721 0.033058 0.106754
1 0.390791 0.377996 0.033058 0.106754
