0 0.188113 0.272331 0.037990 0.087146
0 0.227328 0.272331 0.037990 0.087146
0 0.188113 0.379085 0.037990 0.087146
0 0.227328 0.379085 0.037990 0.087146
0 0.277574 0.277778 0.040441 0.102397
0 0.277574 0.375817 0.040441 0.102397
0 0.190564 0.478214 0.040441 0.102397
0 0.233456 0.482571 0.040441 0.102397
0 0.436887 0.480392 0.040441 0.102397
0 0.195466 0.674292 0.040441 0.102397
0 0.235907 0.680828 0.040441 0.102397
0 0.271446 0.685185 0.040441 0.102397
0 0.509191 0.689542 0.040441 0.102397
0 0.548407 0.689542 0.040441 0.102397
