0 0.214592 0.279639 0.037196 0.090206
0 0.251788 0.279639 0.037196 0.090206
0 0.300429 0.284794 0.037196 0.090206
0 0.216023 0.377577 0.037196 0.090206
0 0.251788 0.377577 0.037196 0.090206
0 0.300429 0.385309 0.037196 0.090206
0 0.211731 0.480670 0.037196 0.090206
0 0.251788 0.480670 0.037196 0.090206
0 0.447783 0.493557 0.037196 0.090206
0 0.210300 0.671392 0.037196 0.090206
0 0.248927 0.673969 0.037196 0.090206
0 0.284692 0.673969 0.037196 0.090206
0 0.513591 0.689433 0.037196 0.090206
0 0.552217 0.692010 0.037196 0.090206
