0 0.211656 0.292876 0.046012 0.100264
0 0.250000 0.298153 0.046012 0.100264
0 0.303681 0.298153 0.046012 0.100264
0 0.205521 0.398417 0.046012 0.100264
0 0.253067 0.398417 0.046012 0.100264
0 0.300613 0.395778 0.046012 0.100264
0 0.203988 0.496042 0.046012 0.100264
0 0.254601 0.498681 0.046012 0.100264
0 0.461656 0.493404 0.046012 0.100264
0 0.207055 0.704485 0.046012 0.100264
0 0.248466 0.701847 0.046012 0.100264
0 0.289877 0.699208 0.046012 0.100264
0 0.526074 0.683377 0.046012 0.100264
0 0.564417 0.680739 0.046012 0.100264
1 0.389571 0.294195 0.030675 0.092348
1 0.429448 0.389182 0.030675 0.092348
1 0.335890 0.699208 0.033742 0.105541
1 0.366564 0.696570 0.033742 0.105541
1 0.432515 0.688654 0.033742 0.105541
1 0.645706 0.678100 0.033742 0.105541
