0 0.202926 0.258413 0.044529 0.108173
0 0.241094 0.258413 0.044529 0.108173
0 0.294529 0.256010 0.044529 0.108173
0 0.204198 0.366587 0.044529 0.108173
0 0.243639 0.364183 0.044529 0.108173
0 0.298346 0.364183 0.044529 0.108173
0 0.208015 0.472356 0.044529 0.108173
0 0.250000 0.474760 0.044529 0.108173
0 0.209288 0.691106 0.044529 0.108173
0 0.253817 0.688702 0.044529 0.108173
0 0.291985 0.683894 0.044529 0.108173
0 0.529262 0.674279 0.040712 0.112981
0 0.568702 0.674279 0.040712 0.112981
0 0.459288 0.467548 0.040712 0.112981
