0 0.203791 0.231405 0.041074 0.093664
0 0.241706 0.228650 0.041074 0.093664
0 0.300158 0.228650 0.041074 0.093664
0 0.203791 0.336088 0.041074 0.093664
0 0.246445 0.336088 0.041074 0.093664
0 0.298578 0.330579 0.041074 0.093664
0 0.208531 0.440771 0.041074 0.093664
0 0.251185 0.438017 0.041074 0.093664
0 0.469194 0.415978 0.041074 0.093664
0 0.214850 0.650138 0.041074 0.093664
0 0.254344 0.644628 0.041074 0.093664
0 0.295419 0.641873 0.041074 0.093664
0 0.540284 0.611570 0.041074 0.093664
0 0.579779 0.617080 0.041074 0.093664
1 0.388626 0.214876 0.022117 0.093664
1 0.431280 0.319559 0.022117 0.093664
1 0.341232 0.636364 0.022117 0.093664
1 0.380727 0.632231 0.025276 0.101928
1 0.442338 0.632231 0.025276 0.101928
1 0.661927 0.596419 0.025276 0.101928
