0 0.206619 0.258514 0.041145 0.102167
0 0.244186 0.258514 0.041145 0.102167
0 0.297853 0.264706 0.041145 0.102167
0 0.206619 0.366873 0.041145 0.102167
0 0.244186 0.366873 0.041145 0.102167
0 0.297853 0.366873 0.041145 0.102167
0 0.204830 0.465944 0.041145 0.102167
0 0.245975 0.465944 0.041145 0.102167
0 0.454383 0.470588 0.039356 0.099071
0 0.203936 0.662539 0.039356 0.099071
0 0.243292 0.674923 0.039356 0.099071
0 0.284436 0.665635 0.039356 0.099071
0 0.518784 0.671827 0.039356 0.099071
0 0.558140 0.674923 0.039356 0.099071
1 0.383721 0.266254 0.023256 0.105263
1 0.423077 0.365325 0.023256 0.105263
1 0.326476 0.671827 0.023256 0.105263
1 0.367621 0.671827 0.023256 0.105263
1 0.424866 0.665635 0.023256 0.105263
1 0.639535 0.668731 0.023256 0.105263
