0 0.185816 0.240642 0.045390 0.101604
0 0.231206 0.240642 0.045390 0.101604
0 0.283688 0.240642 0.045390 0.101604
0 0.187234 0.358289 0.045390 0.101604
0 0.231206 0.355615 0.045390 0.101604
0 0.282270 0.355615 0.045390 0.101604
0 0.185816 0.465241 0.045390 0.101604
0 0.231206 0.467914 0.045390 0.101604
0 0.446809 0.470588 0.045390 0.101604
0 0.184397 0.695187 0.045390 0.101604
0 0.225532 0.697861 0.045390 0.101604
0 0.270922 0.697861 0.045390 0.101604
0 0.513475 0.695187 0.045390 0.101604
0 0.553191 0.697861 0.045390 0.101604
1 0.370213 0.240642 0.028369 0.112299
1 0.409929 0.352941 0.028369 0.112299
1 0.314894 0.697861 0.028369 0.112299
1 0.351773 0.700535 0.028369 0.112299
1 0.415603 0.695187 0.028369 0.112299
1 0.635461 0.695187 0.028369 0.112299
