0 0.220948 0.300847 0.041284 0.093220
0 0.254587 0.300847 0.041284 0.093220
0 0.306575 0.298023 0.041284 0.093220
0 0.217890 0.402542 0.041284 0.093220
0 0.257645 0.405367 0.041284 0.093220
0 0.308104 0.396893 0.041284 0.093220
0 0.222477 0.504237 0.041284 0.093220
0 0.259174 0.504237 0.041284 0.093220
0 0.456422 0.492938 0.041284 0.093220
0 0.227064 0.707627 0.041284 0.093220
0 0.262232 0.701977 0.041284 0.093220
0 0.303517 0.701977 0.041284 0.093220
0 0.526758 0.682203 0.041284 0.093220
0 0.564985 0.682203 0.041284 0.093220
