0 0.220638 0.244745 0.045302 0.093093
0 0.255872 0.244745 0.045302 0.093093
0 0.309564 0.241742 0.045302 0.093093
0 0.218960 0.346847 0.045302 0.093093
0 0.259228 0.346847 0.045302 0.093093
0 0.309564 0.349850 0.045302 0.093093
0 0.220638 0.451952 0.045302 0.093093
0 0.257550 0.451952 0.045302 0.093093
0 0.470638 0.457958 0.045302 0.093093
0 0.222315 0.659159 0.045302 0.093093
0 0.260906 0.659159 0.045302 0.093093
0 0.302852 0.659159 0.045302 0.093093
0 0.541107 0.665165 0.045302 0.093093
0 0.581376 0.665165 0.045302 0.093093
