0 0.202200 0.224615 0.038917 0.104615
0 0.239425 0.224615 0.038917 0.104615
0 0.290186 0.227692 0.038917 0.104615
0 0.202200 0.335385 0.038917 0.104615
0 0.242809 0.329231 0.038917 0.104615
0 0.291878 0.329231 0.038917 0.104615
0 0.207276 0.433846 0.038917 0.104615
0 0.244501 0.440000 0.038917 0.104615
0 0.447547 0.433846 0.038917 0.104615
0 0.208968 0.649231 0.038917 0.104615
0 0.249577 0.649231 0.038917 0.104615
0 0.288494 0.649231 0.038917 0.104615
0 0.526227 0.658462 0.040609 0.104615
0 0.565144 0.655385 0.040609 0.104615
