0 0.205793 0.289548 0.042683 0.115819
0 0.242378 0.286723 0.042683 0.115819
0 0.298780 0.278249 0.042683 0.115819
0 0.207317 0.396893 0.042683 0.115819
0 0.248476 0.396893 0.042683 0.115819
0 0.300305 0.394068 0.042683 0.115819
0 0.211890 0.507062 0.042683 0.115819
0 0.253049 0.501412 0.042683 0.115819
0 0.461890 0.487288 0.042683 0.115819
0 0.219512 0.718927 0.042683 0.115819
0 0.259146 0.713277 0.042683 0.115819
0 0.300305 0.707627 0.042683 0.115819
0 0.533537 0.690678 0.042683 0.115819
0 0.568598 0.682203 0.042683 0.115819
