0 0.196062 0.265896 0.042808 0.092486
0 0.237158 0.268786 0.042808 0.092486
0 0.285103 0.268786 0.042808 0.092486
0 0.194349 0.358382 0.042808 0.092486
0 0.233733 0.361272 0.042808 0.092486
0 0.281678 0.367052 0.042808 0.092486
0 0.192637 0.459538 0.042808 0.092486
0 0.235445 0.462428 0.042808 0.092486
0 0.430651 0.468208 0.042808 0.092486
0 0.192637 0.641618 0.042808 0.092486
0 0.232021 0.644509 0.042808 0.092486
0 0.271404 0.644509 0.042808 0.092486
0 0.495719 0.647399 0.042808 0.092486
0 0.533390 0.658960 0.042808 0.092486
1 0.363014 0.278902 0.027397 0.101156
1 0.402397 0.368497 0.027397 0.101156
1 0.308219 0.643064 0.027397 0.101156
1 0.347603 0.648844 0.027397 0.101156
1 0.404110 0.651734 0.027397 0.101156
1 0.606164 0.657514 0.027397 0.101156
