0 0.198785 0.288235 0.043403 0.088235
0 0.238715 0.288235 0.043403 0.088235
0 0.287326 0.288235 0.043403 0.088235
0 0.195312 0.382353 0.043403 0.088235
0 0.235243 0.379412 0.043403 0.088235
0 0.285590 0.391176 0.043403 0.088235
0 0.195312 0.479412 0.043403 0.088235
0 0.240451 0.485294 0.043403 0.088235
0 0.440104 0.488235 0.043403 0.088235
0 0.198785 0.670588 0.043403 0.088235
0 0.235243 0.667647 0.043403 0.088235
0 0.278646 0.670588 0.043403 0.088235
0 0.504340 0.682353 0.043403 0.088235
0 0.540799 0.688235 0.043403 0.088235
1 0.373264 0.289706 0.027778 0.102941
1 0.411458 0.375000 0.027778 0.102941
1 0.317708 0.672059 0.027778 0.102941
1 0.350694 0.672059 0.027778 0.102941
1 0.406250 0.680882 0.027778 0.102941
1 0.618924 0.689706 0.029514 0.102941
