0 0.218121 0.297840 0.040268 0.095679
0 0.256711 0.294753 0.040268 0.095679
0 0.310403 0.291667 0.040268 0.095679
0 0.218121 0.399691 0.040268 0.095679
0 0.258389 0.396605 0.040268 0.095679
0 0.310403 0.396605 0.040268 0.095679
0 0.221477 0.507716 0.040268 0.095679
0 0.261745 0.507716 0.040268 0.095679
0 0.468121 0.495370 0.040268 0.095679
0 0.223154 0.717593 0.040268 0.095679
0 0.263423 0.717593 0.040268 0.095679
0 0.303691 0.714506 0.040268 0.095679
0 0.541946 0.695988 0.040268 0.095679
0 0.580537 0.692901 0.040268 0.095679
1 0.392617 0.290123 0.026846 0.117284
1 0.432886 0.385802 0.026846 0.117284
1 0.347315 0.712963 0.026846 0.117284
1 0.385906 0.719136 0.026846 0.117284
1 0.446309 0.703704 0.026846 0.098765
1 0.662752 0.688272 0.026846 0.098765
