0 0.184748 0.270308 0.045597 0.109244
0 0.227201 0.261905 0.045597 0.109244
0 0.285377 0.261905 0.045597 0.109244
0 0.189465 0.371148 0.045597 0.109244
0 0.233491 0.371148 0.045597 0.109244
0 0.282233 0.362745 0.045597 0.109244
0 0.192610 0.477591 0.045597 0.109244
0 0.235063 0.474790 0.045597 0.109244
0 0.447327 0.455182 0.045597 0.109244
0 0.200472 0.682073 0.045597 0.109244
0 0.236635 0.679272 0.045597 0.109244
0 0.280660 0.679272 0.045597 0.109244
0 0.519654 0.648459 0.045597 0.109244
0 0.558962 0.648459 0.045597 0.109244
1 0.367925 0.260504 0.028302 0.106443
1 0.408805 0.344538 0.028302 0.106443
1 0.325472 0.672269 0.028302 0.106443
1 0.360063 0.672269 0.028302 0.106443
1 0.419811 0.663866 0.028302 0.106443
1 0.638365 0.644258 0.028302 0.106443
