0 0.216252 0.273782 0.036697 0.092807
0 0.252949 0.278422 0.036697 0.092807
0 0.302752 0.276102 0.036697 0.092807
0 0.216252 0.373550 0.036697 0.092807
0 0.254260 0.366589 0.036697 0.092807
0 0.300131 0.371230 0.036697 0.092807
0 0.220183 0.466357 0.036697 0.092807
0 0.254260 0.461717 0.036697 0.092807
0 0.448231 0.464037 0.036697 0.092807
0 0.218873 0.654292 0.036697 0.092807
0 0.258191 0.651972 0.036697 0.092807
0 0.296199 0.656613 0.036697 0.092807
0 0.513761 0.654292 0.036697 0.092807
0 0.550459 0.656613 0.036697 0.092807
1 0.380734 0.272622 0.022280 0.090487
1 0.416121 0.363109 0.022280 0.090487
1 0.338794 0.653132 0.022280 0.090487
1 0.367628 0.655452 0.022280 0.090487
1 0.423984 0.648492 0.022280 0.090487
1 0.627130 0.655452 0.022280 0.090487
