0 0.173820 0.266043 0.041488 0.104278
0 0.209585 0.260695 0.041488 0.104278
0 0.259657 0.258021 0.041488 0.104278
0 0.173820 0.362299 0.041488 0.104278
0 0.211016 0.354278 0.041488 0.104278
0 0.261087 0.351604 0.041488 0.104278
0 0.175250 0.461230 0.041488 0.104278
0 0.212446 0.461230 0.041488 0.104278
0 0.409871 0.445187 0.041488 0.104278
0 0.182403 0.667112 0.041488 0.104278
0 0.218169 0.664439 0.041488 0.104278
0 0.258226 0.651070 0.041488 0.104278
0 0.479971 0.632353 0.041488 0.104278
0 0.507153 0.624332 0.041488 0.104278
1 0.339056 0.250000 0.022890 0.093583
1 0.377682 0.346257 0.022890 0.093583
1 0.293276 0.653743 0.022890 0.093583
1 0.330472 0.651070 0.022890 0.093583
1 0.384835 0.640374 0.022890 0.093583
1 0.582260 0.618984 0.022890 0.093583
