0 0.214642 0.265579 0.043261 0.097923
0 0.251248 0.265579 0.043261 0.097923
0 0.301165 0.268546 0.043261 0.097923
0 0.211314 0.372404 0.043261 0.097923
0 0.251248 0.372404 0.043261 0.097923
0 0.302829 0.369436 0.043261 0.097923
0 0.212978 0.467359 0.043261 0.097923
0 0.256240 0.470326 0.043261 0.097923
0 0.454243 0.482196 0.043261 0.097923
0 0.209651 0.663205 0.043261 0.097923
0 0.252912 0.666172 0.043261 0.097923
0 0.289517 0.666172 0.043261 0.097923
0 0.517471 0.669139 0.043261 0.097923
0 0.552413 0.675074 0.043261 0.097923
1 0.382696 0.271513 0.023295 0.103858
1 0.420965 0.372404 0.023295 0.103858
1 0.331115 0.672107 0.023295 0.103858
1 0.366057 0.669139 0.023295 0.103858
1 0.424293 0.669139 0.023295 0.103858
1 0.628952 0.681009 0.023295 0.103858
