0 0.204581 0.266854 0.039494 0.095506
0 0.294629 0.264045 0.039494 0.095506
0 0.242496 0.264045 0.039494 0.095506
0 0.204581 0.367978 0.039494 0.095506
0 0.240916 0.367978 0.039494 0.095506
0 0.294629 0.367978 0.039494 0.095506
0 0.206161 0.469101 0.039494 0.095506
0 0.242496 0.469101 0.039494 0.095506
0 0.449447 0.463483 0.039494 0.095506
0 0.204581 0.671348 0.039494 0.095506
0 0.242496 0.671348 0.039494 0.095506
0 0.281991 0.674157 0.039494 0.095506
0 0.515798 0.662921 0.039494 0.095506
0 0.553712 0.665730 0.039494 0.095506
1 0.377567 0.266854 0.022117 0.101124
1 0.418641 0.356742 0.022117 0.101124
1 0.325434 0.668539 0.022117 0.101124
1 0.361769 0.671348 0.022117 0.101124
1 0.420221 0.671348 0.022117 0.101124
1 0.630332 0.668539 0.022117 0.101124
