0 0.213967 0.283422 0.035661 0.096257
0 0.251114 0.275401 0.035661 0.096257
0 0.216939 0.377005 0.035661 0.096257
0 0.255572 0.371658 0.035661 0.096257
0 0.298663 0.272727 0.035661 0.096257
0 0.306092 0.366310 0.035661 0.096257
0 0.221397 0.475936 0.035661 0.096257
0 0.260030 0.470588 0.035661 0.096257
0 0.227340 0.663102 0.035661 0.096257
0 0.265973 0.663102 0.035661 0.096257
0 0.300149 0.657754 0.035661 0.096257
0 0.520059 0.628342 0.035661 0.096257
0 0.554235 0.625668 0.035661 0.096257
0 0.453195 0.449198 0.035661 0.096257
1 0.378900 0.274064 0.026746 0.093583
1 0.416048 0.356952 0.026746 0.093583
1 0.340267 0.653743 0.026746 0.093583
1 0.375929 0.653743 0.026746 0.093583
1 0.427935 0.645722 0.026746 0.093583
1 0.628529 0.618984 0.026746 0.093583
