0 0.200714 0.244156 0.041429 0.098701
0 0.200714 0.350649 0.041429 0.098701
0 0.200714 0.459740 0.041429 0.098701
0 0.240714 0.462338 0.041429 0.098701
0 0.243571 0.358442 0.041429 0.098701
0 0.242143 0.246753 0.041429 0.098701
0 0.297857 0.246753 0.041429 0.098701
0 0.297857 0.350649 0.041429 0.098701
0 0.453571 0.462338 0.041429 0.098701
0 0.199286 0.675325 0.041429 0.098701
0 0.242143 0.675325 0.041429 0.098701
0 0.277857 0.672727 0.041429 0.098701
0 0.523571 0.677922 0.041429 0.098701
0 0.562143 0.677922 0.041429 0.098701
