0 0.209040 0.264151 0.042938 0.105660
0 0.253107 0.258491 0.042938 0.105660
0 0.307345 0.279245 0.042938 0.105660
0 0.206780 0.362264 0.042938 0.105660
0 0.248588 0.369811 0.042938 0.105660
0 0.302825 0.381132 0.042938 0.105660
0 0.204520 0.466038 0.042938 0.105660
0 0.245198 0.471698 0.042938 0.105660
0 0.462147 0.496226 0.042938 0.105660
0 0.195480 0.656604 0.042938 0.105660
0 0.238418 0.662264 0.042938 0.105660
0 0.283616 0.662264 0.042938 0.105660
0 0.516384 0.690566 0.042938 0.105660
0 0.554802 0.696226 0.042938 0.105660
1 0.392090 0.294340 0.024859 0.090566
1 0.425989 0.398113 0.024859 0.090566
1 0.330508 0.663208 0.030508 0.103774
1 0.361017 0.674528 0.030508 0.103774
1 0.419774 0.683962 0.030508 0.103774
1 0.627684 0.704717 0.030508 0.103774
