0 0.199620 0.229698 0.041825 0.106729
0 0.237643 0.229698 0.041825 0.106729
0 0.289607 0.227378 0.041825 0.106729
0 0.198352 0.334107 0.041825 0.106729
0 0.237643 0.334107 0.041825 0.106729
0 0.290875 0.336427 0.041825 0.106729
0 0.202155 0.443155 0.041825 0.106729
0 0.240177 0.447796 0.041825 0.106729
0 0.449303 0.445476 0.041825 0.106729
0 0.196451 0.649652 0.045627 0.116009
0 0.245247 0.651972 0.041825 0.106729
0 0.284537 0.651972 0.041825 0.106729
0 0.520279 0.651972 0.041825 0.106729
0 0.559569 0.654292 0.041825 0.106729
