0 0.210495 0.257778 0.037394 0.097778
0 0.244270 0.253333 0.037394 0.097778
0 0.296140 0.253333 0.037394 0.097778
0 0.209288 0.351111 0.037394 0.097778
0 0.250302 0.351111 0.037394 0.097778
0 0.296140 0.348889 0.037394 0.097778
0 0.212907 0.448889 0.037394 0.097778
0 0.249095 0.451111 0.037394 0.097778
0 0.444511 0.446667 0.037394 0.097778
0 0.218938 0.646667 0.037394 0.097778
0 0.252714 0.651111 0.037394 0.097778
0 0.287696 0.651111 0.037394 0.097778
0 0.507238 0.642222 0.037394 0.097778
0 0.544029 0.641111 0.038601 0.100000
1 0.369723 0.245556 0.020507 0.095556
1 0.410736 0.341111 0.020507 0.095556
1 0.329916 0.647778 0.020507 0.095556
1 0.367310 0.645556 0.020507 0.095556
1 0.417973 0.645556 0.020507 0.095556
1 0.620627 0.638889 0.020507 0.095556
