0 0.199491 0.262500 0.045840 0.106250
0 0.236842 0.265625 0.045840 0.106250
0 0.292869 0.256250 0.045840 0.106250
0 0.197793 0.368750 0.045840 0.106250
0 0.243633 0.368750 0.045840 0.106250
0 0.291171 0.375000 0.045840 0.106250
0 0.201188 0.484375 0.045840 0.106250
0 0.241935 0.478125 0.045840 0.106250
0 0.454160 0.471875 0.045840 0.106250
0 0.202886 0.700000 0.045840 0.106250
0 0.247029 0.706250 0.045840 0.106250
0 0.289474 0.696875 0.045840 0.106250
0 0.530560 0.687500 0.045840 0.106250
0 0.571307 0.687500 0.045840 0.106250
1 0.376910 0.262500 0.023769 0.106250
1 0.417657 0.368750 0.023769 0.106250
1 0.329372 0.693750 0.023769 0.106250
1 0.370119 0.696875 0.023769 0.106250
1 0.427844 0.696875 0.023769 0.106250
1 0.655348 0.693750 0.023769 0.106250
