0 0.219589 0.242120 0.041074 0.088825
0 0.257504 0.236390 0.041074 0.088825
0 0.306477 0.236390 0.041074 0.088825
0 0.219589 0.336676 0.041074 0.088825
0 0.257504 0.336676 0.041074 0.088825
0 0.304897 0.333811 0.041074 0.088825
0 0.221169 0.436963 0.041074 0.088825
0 0.257504 0.431232 0.041074 0.088825
0 0.458136 0.434097 0.041074 0.088825
0 0.224329 0.628940 0.041074 0.088825
0 0.260664 0.628940 0.041074 0.088825
0 0.304897 0.634670 0.041074 0.088825
0 0.526066 0.631805 0.041074 0.088825
0 0.565561 0.634670 0.041074 0.088825
