0 0.216317 0.299157 0.037425 0.098315
0 0.252246 0.301966 0.037425 0.098315
0 0.306138 0.299157 0.037425 0.098315
0 0.216317 0.411517 0.037425 0.098315
0 0.256737 0.408708 0.037425 0.098315
0 0.306138 0.408708 0.037425 0.098315
0 0.214820 0.518258 0.037425 0.098315
0 0.253743 0.512640 0.037425 0.098315
0 0.458832 0.504213 0.037425 0.098315
0 0.217814 0.731742 0.037425 0.098315
0 0.255240 0.728933 0.037425 0.098315
0 0.297156 0.723315 0.037425 0.098315
0 0.527695 0.700843 0.037425 0.098315
0 0.562126 0.700843 0.037425 0.098315
