0 0.218344 0.268493 0.037338 0.093151
0 0.309253 0.268493 0.037338 0.093151
0 0.255682 0.265753 0.037338 0.093151
0 0.218344 0.356164 0.037338 0.093151
0 0.257305 0.364384 0.037338 0.093151
0 0.309253 0.361644 0.037338 0.093151
0 0.216721 0.463014 0.037338 0.093151
0 0.257305 0.460274 0.037338 0.093151
0 0.458604 0.460274 0.037338 0.093151
0 0.215097 0.646575 0.037338 0.093151
0 0.255682 0.652055 0.037338 0.093151
0 0.294643 0.652055 0.037338 0.093151
0 0.525162 0.652055 0.037338 0.093151
0 0.562500 0.652055 0.037338 0.093151
