0 0.187964 0.272494 0.040119 0.092545
0 0.226597 0.272494 0.040119 0.092545
0 0.278603 0.275064 0.040119 0.092545
0 0.186478 0.367609 0.040119 0.092545
0 0.225111 0.367609 0.040119 0.092545
0 0.275632 0.372751 0.040119 0.092545
0 0.186478 0.465296 0.040119 0.092545
0 0.226597 0.465296 0.040119 0.092545
0 0.430163 0.480720 0.040119 0.092545
0 0.186478 0.663239 0.040119 0.092545
0 0.225111 0.663239 0.040119 0.092545
0 0.262259 0.665810 0.040119 0.092545
0 0.500000 0.683805 0.040119 0.092545
0 0.537147 0.686375 0.040119 0.092545
