0 0.208176 0.267073 0.044025 0.109756
0 0.247170 0.264634 0.044025 0.109756
0 0.298742 0.264634 0.044025 0.109756
0 0.205660 0.371951 0.044025 0.109756
0 0.248428 0.371951 0.044025 0.109756
0 0.301258 0.371951 0.044025 0.109756
0 0.209434 0.484146 0.044025 0.109756
0 0.248428 0.484146 0.044025 0.109756
0 0.454717 0.474390 0.044025 0.109756
0 0.215723 0.693902 0.044025 0.109756
0 0.255975 0.696341 0.044025 0.109756
0 0.292453 0.696341 0.044025 0.109756
0 0.522642 0.681707 0.044025 0.109756
0 0.562893 0.679268 0.044025 0.109756
