0 0.205021 0.260494 0.044630 0.091358
0 0.245467 0.265432 0.044630 0.091358
0 0.304045 0.267901 0.044630 0.091358
0 0.203626 0.371605 0.044630 0.091358
0 0.248257 0.374074 0.044630 0.091358
0 0.304045 0.371605 0.044630 0.091358
0 0.206416 0.477778 0.044630 0.091358
0 0.245467 0.480247 0.044630 0.091358
0 0.464435 0.480247 0.044630 0.091358
0 0.205021 0.697531 0.044630 0.091358
0 0.245467 0.697531 0.044630 0.091358
0 0.285914 0.695062 0.044630 0.091358
0 0.529289 0.695062 0.046025 0.106173
0 0.572524 0.690123 0.046025 0.106173
1 0.331241 0.691358 0.026499 0.098765
1 0.370293 0.688889 0.026499 0.098765
1 0.430265 0.693827 0.026499 0.098765
1 0.650628 0.691358 0.026499 0.098765
1 0.389819 0.266667 0.026499 0.098765
1 0.428870 0.370370 0.026499 0.098765
