0 0.190554 0.311370 0.045603 0.090439
0 0.236156 0.313953 0.045603 0.090439
0 0.291531 0.313953 0.045603 0.090439
0 0.188925 0.412145 0.045603 0.090439
0 0.232899 0.417313 0.045603 0.090439
0 0.289902 0.417313 0.045603 0.090439
0 0.190554 0.512920 0.045603 0.090439
0 0.234528 0.510336 0.045603 0.090439
0 0.457655 0.510336 0.045603 0.090439
0 0.185668 0.714470 0.045603 0.090439
0 0.228013 0.714470 0.045603 0.090439
0 0.271987 0.711886 0.045603 0.090439
0 0.526059 0.698966 0.045603 0.090439
0 0.561889 0.696382 0.045603 0.090439
1 0.381107 0.313953 0.029316 0.100775
1 0.421824 0.399225 0.029316 0.100775
1 0.322476 0.701550 0.029316 0.100775
1 0.361564 0.704134 0.029316 0.100775
1 0.421824 0.709302 0.029316 0.100775
1 0.649837 0.683463 0.029316 0.100775
