0 0.197619 0.304645 0.049206 0.095628
0 0.239683 0.301913 0.041270 0.101093
0 0.295238 0.290984 0.041270 0.101093
0 0.198413 0.397541 0.041270 0.101093
0 0.239683 0.400273 0.041270 0.101093
0 0.296825 0.397541 0.041270 0.101093
0 0.201587 0.504098 0.041270 0.101093
0 0.242857 0.504098 0.041270 0.101093
0 0.458730 0.484973 0.041270 0.101093
0 0.200000 0.714481 0.041270 0.101093
0 0.244444 0.709016 0.041270 0.101093
0 0.287302 0.706284 0.041270 0.101093
0 0.530159 0.681694 0.041270 0.101093
0 0.565079 0.681694 0.041270 0.101093
1 0.378571 0.290984 0.033333 0.101093
1 0.421429 0.386612 0.033333 0.101093
1 0.323016 0.706284 0.033333 0.101093
1 0.364286 0.700820 0.033333 0.101093
1 0.429365 0.689891 0.033333 0.101093
1 0.645238 0.668033 0.033333 0.101093
