0 0.203827 0.285311 0.044925 0.096045
0 0.247088 0.279661 0.044925 0.096045
0 0.298669 0.279661 0.044925 0.096045
0 0.205491 0.381356 0.044925 0.096045
0 0.247088 0.378531 0.044925 0.096045
0 0.298669 0.378531 0.044925 0.096045
0 0.208819 0.480226 0.044925 0.096045
0 0.252080 0.480226 0.044925 0.096045
0 0.466722 0.451977 0.044925 0.096045
0 0.217138 0.677966 0.044925 0.096045
0 0.258735 0.675141 0.044925 0.096045
0 0.298669 0.672316 0.044925 0.096045
0 0.539933 0.644068 0.044925 0.096045
0 0.581531 0.638418 0.044925 0.096045
1 0.346090 0.670904 0.033278 0.093220
1 0.382696 0.665254 0.033278 0.093220
1 0.444260 0.656780 0.033278 0.093220
1 0.662230 0.634181 0.033278 0.093220
1 0.424293 0.360169 0.033278 0.093220
1 0.379368 0.266949 0.033278 0.093220
