0 0.225547 0.279661 0.036496 0.096045
0 0.262044 0.279661 0.036496 0.096045
0 0.314599 0.276836 0.036496 0.096045
0 0.228467 0.389831 0.036496 0.096045
0 0.267883 0.387006 0.036496 0.096045
0 0.314599 0.381356 0.036496 0.096045
0 0.231387 0.494350 0.036496 0.096045
0 0.269343 0.491525 0.036496 0.096045
0 0.463504 0.468927 0.036496 0.096045
0 0.235766 0.703390 0.036496 0.096045
0 0.272263 0.697740 0.036496 0.096045
0 0.308759 0.697740 0.036496 0.096045
0 0.533577 0.663842 0.036496 0.096045
0 0.571533 0.666667 0.036496 0.096045
1 0.393431 0.268362 0.024818 0.096045
1 0.431387 0.367232 0.024818 0.096045
1 0.352555 0.697740 0.024818 0.096045
1 0.387591 0.683616 0.024818 0.096045
1 0.444526 0.683616 0.024818 0.096045
1 0.644526 0.663842 0.024818 0.096045
