0 0.184859 0.271014 0.038732 0.084058
0 0.225352 0.273913 0.038732 0.084058
0 0.278169 0.276812 0.038732 0.084058
0 0.184859 0.366667 0.038732 0.084058
0 0.225352 0.369565 0.038732 0.084058
0 0.274648 0.366667 0.038732 0.084058
0 0.184859 0.465217 0.038732 0.084058
0 0.225352 0.468116 0.038732 0.084058
0 0.433099 0.476812 0.038732 0.084058
0 0.186620 0.656522 0.038732 0.084058
0 0.227113 0.656522 0.038732 0.084058
0 0.500000 0.665217 0.038732 0.084058
0 0.538732 0.665217 0.038732 0.084058
1 0.359155 0.279710 0.028169 0.089855
1 0.401408 0.366667 0.028169 0.089855
1 0.306338 0.665217 0.028169 0.089855
0 0.264965 0.653623 0.036972 0.095652
1 0.341549 0.665217 0.028169 0.089855
1 0.403169 0.656522 0.028169 0.089855
1 0.619718 0.668116 0.028169 0.089855
