0 0.197427 0.289579 0.041387 0.102204
0 0.235459 0.291583 0.041387 0.102204
0 0.285794 0.289579 0.041387 0.102204
0 0.196309 0.385772 0.041387 0.102204
0 0.234340 0.391784 0.041387 0.102204
0 0.282438 0.395792 0.041387 0.102204
0 0.194072 0.479960 0.041387 0.102204
0 0.230984 0.483968 0.041387 0.102204
0 0.428971 0.493988 0.041387 0.102204
0 0.196309 0.676353 0.041387 0.102204
0 0.232103 0.682365 0.041387 0.102204
0 0.270134 0.680361 0.041387 0.102204
0 0.482662 0.692385 0.041387 0.102204
0 0.518456 0.692385 0.041387 0.102204
1 0.361857 0.299599 0.023490 0.102204
1 0.397651 0.395792 0.023490 0.102204
1 0.308166 0.680361 0.023490 0.102204
1 0.346197 0.684369 0.023490 0.102204
1 0.397651 0.684369 0.023490 0.102204
1 0.595638 0.690381 0.023490 0.102204
