0 0.220893 0.280387 0.036683 0.102210
0 0.254386 0.280387 0.036683 0.102210
0 0.302233 0.274862 0.036683 0.102210
0 0.220893 0.368785 0.036683 0.102210
0 0.255981 0.368785 0.036683 0.102210
0 0.305423 0.377072 0.036683 0.102210
0 0.225678 0.468232 0.036683 0.102210
0 0.257576 0.465470 0.036683 0.102210
0 0.452153 0.462707 0.036683 0.102210
0 0.227273 0.658840 0.036683 0.102210
0 0.263955 0.656077 0.036683 0.102210
0 0.300638 0.661602 0.036683 0.102210
0 0.527113 0.658840 0.036683 0.102210
0 0.562201 0.656077 0.036683 0.102210
1 0.381180 0.274862 0.025518 0.091160
1 0.421053 0.368785 0.025518 0.091160
1 0.376396 0.656077 0.025518 0.091160
1 0.339713 0.656077 0.025518 0.091160
1 0.433812 0.658840 0.025518 0.091160
1 0.642743 0.664365 0.025518 0.091160
