0 0.183507 0.282192 0.037147 0.093151
0 0.220654 0.279452 0.037147 0.093151
0 0.275632 0.276712 0.037147 0.093151
0 0.183507 0.383562 0.037147 0.093151
0 0.222140 0.386301 0.037147 0.093151
0 0.275632 0.380822 0.037147 0.093151
0 0.186478 0.490411 0.037147 0.093151
0 0.225111 0.484932 0.037147 0.093151
0 0.428678 0.468493 0.037147 0.093151
0 0.192422 0.695890 0.037147 0.093151
0 0.225111 0.693151 0.037147 0.093151
0 0.265230 0.690411 0.037147 0.093151
0 0.497028 0.660274 0.037147 0.093151
0 0.534175 0.657534 0.037147 0.093151
1 0.352897 0.272603 0.028232 0.101370
1 0.391530 0.363014 0.028232 0.101370
1 0.308321 0.680822 0.028232 0.101370
1 0.346954 0.680822 0.028232 0.101370
1 0.404903 0.667123 0.028232 0.101370
1 0.606984 0.642466 0.028232 0.101370
