0 0.209283 0.270833 0.040717 0.107143
0 0.253257 0.270833 0.040717 0.107143
0 0.303746 0.264881 0.040717 0.107143
0 0.210912 0.377976 0.040717 0.107143
0 0.256515 0.377976 0.040717 0.107143
0 0.303746 0.372024 0.040717 0.107143
0 0.214169 0.485119 0.040717 0.107143
0 0.254886 0.485119 0.040717 0.107143
0 0.461726 0.464286 0.040717 0.107143
0 0.219055 0.696429 0.040717 0.107143
0 0.259772 0.690476 0.040717 0.107143
0 0.302117 0.690476 0.040717 0.107143
0 0.533388 0.675595 0.040717 0.107143
0 0.574104 0.675595 0.040717 0.107143
1 0.381922 0.266369 0.024430 0.104167
1 0.342834 0.686012 0.024430 0.104167
1 0.380293 0.686012 0.024430 0.104167
1 0.435668 0.674107 0.024430 0.104167
1 0.653909 0.665179 0.024430 0.104167
1 0.425896 0.364583 0.024430 0.104167
