0 0.209756 0.251437 0.042276 0.094828
0 0.248780 0.251437 0.042276 0.094828
0 0.299187 0.251437 0.042276 0.094828
0 0.213008 0.357759 0.042276 0.094828
0 0.250407 0.354885 0.042276 0.094828
0 0.305691 0.357759 0.042276 0.094828
0 0.206504 0.449713 0.042276 0.094828
0 0.250407 0.455460 0.042276 0.094828
0 0.461789 0.458333 0.042276 0.094828
0 0.214634 0.653736 0.042276 0.094828
0 0.258537 0.656609 0.042276 0.094828
0 0.299187 0.656609 0.042276 0.094828
0 0.531707 0.662356 0.042276 0.094828
0 0.570732 0.656609 0.042276 0.094828
1 0.381301 0.251437 0.027642 0.106322
1 0.423577 0.349138 0.027642 0.106322
1 0.335772 0.653736 0.027642 0.106322
1 0.376423 0.653736 0.027642 0.106322
1 0.433333 0.650862 0.027642 0.106322
1 0.654472 0.662356 0.027642 0.106322
