0 0.205640 0.286058 0.039890 0.096154
0 0.248281 0.290865 0.039890 0.096154
0 0.300550 0.288462 0.039890 0.096154
0 0.208391 0.384615 0.039890 0.096154
0 0.248281 0.384615 0.039890 0.096154
0 0.299175 0.384615 0.039890 0.096154
0 0.211142 0.480769 0.039890 0.096154
0 0.249656 0.487981 0.039890 0.096154
0 0.450481 0.483173 0.039890 0.096154
0 0.213893 0.675481 0.039890 0.096154
0 0.248281 0.675481 0.039890 0.096154
0 0.286795 0.677885 0.039890 0.096154
0 0.522008 0.682692 0.039890 0.096154
0 0.556396 0.682692 0.039890 0.096154
1 0.378267 0.289663 0.024759 0.093750
1 0.415406 0.383413 0.024759 0.093750
1 0.325997 0.679087 0.024759 0.093750
1 0.363136 0.679087 0.024759 0.093750
1 0.422283 0.679087 0.024759 0.093750
1 0.638239 0.683894 0.024759 0.093750
