0 0.193825 0.264095 0.041166 0.089021
0 0.234991 0.264095 0.041166 0.089021
0 0.284734 0.261128 0.041166 0.089021
0 0.195540 0.367953 0.041166 0.089021
0 0.237564 0.367953 0.042882 0.100890
0 0.289022 0.362018 0.042882 0.100890
0 0.196398 0.474777 0.042882 0.100890
0 0.237564 0.474777 0.042882 0.100890
0 0.453688 0.465875 0.042882 0.100890
0 0.203259 0.682493 0.042882 0.100890
0 0.240995 0.682493 0.042882 0.100890
0 0.283877 0.682493 0.042882 0.100890
0 0.534305 0.673591 0.042882 0.100890
0 0.573756 0.670623 0.042882 0.100890
