0 0.194356 0.252381 0.043663 0.092063
0 0.238019 0.258730 0.043663 0.092063
0 0.292332 0.269841 0.043663 0.092063
0 0.190096 0.346032 0.043663 0.092063
0 0.233759 0.353968 0.043663 0.092063
0 0.288072 0.361905 0.043663 0.092063
0 0.187966 0.428571 0.043663 0.092063
0 0.230564 0.438095 0.043663 0.092063
0 0.175186 0.603175 0.043663 0.092063
0 0.220980 0.606349 0.043663 0.092063
0 0.261448 0.611111 0.043663 0.092063
0 0.443557 0.471429 0.043663 0.092063
0 0.491480 0.644444 0.043663 0.092063
0 0.527689 0.646032 0.043663 0.092063
