0 0.218327 0.259794 0.045510 0.090722
0 0.261378 0.263918 0.045510 0.090722
0 0.306888 0.270103 0.045510 0.090722
0 0.218327 0.354639 0.045510 0.090722
0 0.258918 0.360825 0.045510 0.090722
0 0.311808 0.367010 0.045510 0.090722
0 0.218327 0.453608 0.045510 0.090722
0 0.262608 0.455670 0.045510 0.090722
0 0.465560 0.474227 0.045510 0.090722
0 0.215867 0.639175 0.045510 0.090722
0 0.257688 0.641237 0.045510 0.090722
0 0.301968 0.645361 0.045510 0.090722
0 0.530750 0.665979 0.045510 0.090722
0 0.570111 0.670103 0.045510 0.090722
1 0.396679 0.282474 0.028290 0.094845
1 0.434809 0.375258 0.028290 0.094845
1 0.345018 0.649485 0.028290 0.094845
1 0.383149 0.653608 0.028290 0.094845
1 0.438499 0.655670 0.028290 0.094845
1 0.647601 0.672165 0.028290 0.094845
