0 0.212121 0.287572 0.042424 0.106936
0 0.250000 0.281792 0.042424 0.106936
0 0.303030 0.276012 0.042424 0.106936
0 0.212121 0.394509 0.042424 0.106936
0 0.253030 0.388728 0.042424 0.106936
0 0.301515 0.388728 0.042424 0.106936
0 0.216667 0.507225 0.042424 0.106936
0 0.257576 0.504335 0.042424 0.106936
0 0.465152 0.478324 0.042424 0.106936
0 0.221212 0.721098 0.042424 0.106936
0 0.260606 0.715318 0.042424 0.106936
0 0.293939 0.712428 0.042424 0.106936
0 0.534848 0.686416 0.042424 0.106936
0 0.574242 0.686416 0.042424 0.106936
1 0.390152 0.270231 0.037879 0.112717
1 0.425000 0.359827 0.037879 0.112717
1 0.340152 0.703757 0.037879 0.112717
1 0.379545 0.700867 0.037879 0.112717
1 0.441667 0.692197 0.037879 0.112717
1 0.650758 0.669075 0.028788 0.112717
