0 0.192939 0.261972 0.044335 0.084507
0 0.229064 0.264789 0.044335 0.084507
0 0.279967 0.259155 0.044335 0.084507
0 0.191297 0.352113 0.044335 0.084507
0 0.232348 0.357746 0.044335 0.084507
0 0.279967 0.360563 0.044335 0.084507
0 0.191297 0.456338 0.044335 0.084507
0 0.235632 0.450704 0.044335 0.084507
0 0.435961 0.459155 0.044335 0.084507
0 0.191297 0.647887 0.044335 0.084507
0 0.237274 0.647887 0.044335 0.084507
0 0.276683 0.650704 0.044335 0.084507
0 0.504926 0.659155 0.044335 0.084507
0 0.549261 0.661972 0.044335 0.084507
1 0.362890 0.261972 0.026273 0.101408
1 0.400657 0.357746 0.026273 0.101408
1 0.315271 0.650704 0.026273 0.101408
1 0.349754 0.653521 0.026273 0.101408
1 0.408867 0.661972 0.026273 0.101408
1 0.627258 0.661972 0.026273 0.101408
