0 0.174615 0.318302 0.041538 0.095491
0 0.211538 0.315650 0.041538 0.095491
0 0.263846 0.310345 0.041538 0.095491
0 0.176154 0.419098 0.041538 0.095491
0 0.214615 0.413793 0.041538 0.095491
0 0.268462 0.408488 0.041538 0.095491
0 0.179231 0.519894 0.041538 0.095491
0 0.217692 0.511936 0.041538 0.095491
0 0.423846 0.485411 0.041538 0.095491
0 0.185385 0.708223 0.041538 0.095491
0 0.225385 0.700265 0.041538 0.095491
0 0.265385 0.700265 0.041538 0.095491
0 0.493077 0.665782 0.041538 0.095491
0 0.531538 0.665782 0.041538 0.095491
