0 0.198905 0.279365 0.043796 0.101587
0 0.240876 0.276190 0.043796 0.101587
0 0.293796 0.282540 0.043796 0.101587
0 0.198905 0.384127 0.043796 0.101587
0 0.244526 0.384127 0.043796 0.101587
0 0.293796 0.387302 0.043796 0.101587
0 0.200730 0.492063 0.043796 0.101587
0 0.240876 0.492063 0.043796 0.101587
0 0.454380 0.501587 0.043796 0.101587
0 0.195255 0.695238 0.043796 0.101587
0 0.237226 0.695238 0.043796 0.101587
0 0.281022 0.701587 0.043796 0.101587
0 0.523723 0.711111 0.043796 0.101587
0 0.560219 0.714286 0.043796 0.101587
