0 0.192577 0.266344 0.043417 0.101695
0 0.234594 0.268765 0.043417 0.101695
0 0.289216 0.273608 0.043417 0.101695
0 0.191176 0.368039 0.043417 0.101695
0 0.235994 0.375303 0.043417 0.101695
0 0.290616 0.377724 0.043417 0.101695
0 0.189776 0.476998 0.043417 0.101695
0 0.234594 0.474576 0.043417 0.101695
0 0.448880 0.484262 0.043417 0.101695
0 0.186975 0.680387 0.043417 0.101695
0 0.230392 0.680387 0.043417 0.101695
0 0.275210 0.682809 0.043417 0.101695
0 0.510504 0.685230 0.043417 0.101695
0 0.553922 0.687651 0.043417 0.101695
1 0.378852 0.279661 0.026611 0.089588
1 0.416667 0.378935 0.026611 0.089588
1 0.318627 0.685230 0.026611 0.101695
1 0.356443 0.687651 0.026611 0.101695
1 0.416667 0.687651 0.026611 0.101695
1 0.640756 0.687651 0.026611 0.101695
