0 0.192580 0.283824 0.042403 0.102941
0 0.236749 0.285294 0.038869 0.100000
0 0.289753 0.288235 0.038869 0.100000
0 0.196113 0.385294 0.038869 0.100000
0 0.231449 0.388235 0.038869 0.100000
0 0.287986 0.388235 0.038869 0.100000
0 0.196113 0.479412 0.038869 0.100000
0 0.236749 0.485294 0.038869 0.100000
0 0.446996 0.491176 0.038869 0.100000
0 0.194346 0.682353 0.038869 0.100000
0 0.236749 0.679412 0.038869 0.100000
0 0.273852 0.688235 0.038869 0.100000
0 0.514134 0.691176 0.038869 0.100000
0 0.556537 0.691176 0.038869 0.100000
1 0.374558 0.292647 0.031802 0.102941
1 0.413428 0.383824 0.031802 0.102941
1 0.316254 0.683824 0.031802 0.102941
1 0.351590 0.683824 0.031802 0.102941
1 0.411661 0.680882 0.031802 0.102941
1 0.641343 0.686765 0.031802 0.102941
