0 0.202128 0.251592 0.042553 0.108280
0 0.242908 0.251592 0.042553 0.108280
0 0.290780 0.254777 0.042553 0.108280
0 0.200355 0.356688 0.042553 0.108280
0 0.239362 0.359873 0.042553 0.108280
0 0.292553 0.366242 0.042553 0.108280
0 0.198582 0.461783 0.042553 0.108280
0 0.242908 0.464968 0.042553 0.108280
0 0.446809 0.484076 0.042553 0.108280
0 0.196809 0.668790 0.042553 0.108280
0 0.235816 0.671975 0.042553 0.108280
0 0.278369 0.671975 0.042553 0.108280
0 0.512411 0.681529 0.042553 0.108280
0 0.547872 0.687898 0.042553 0.108280
