0 0.220297 0.265449 0.041254 0.092697
0 0.256601 0.262640 0.041254 0.092697
0 0.306106 0.259831 0.041254 0.092697
0 0.220297 0.360955 0.041254 0.092697
0 0.256601 0.360955 0.041254 0.092697
0 0.306106 0.358146 0.041254 0.092697
0 0.221947 0.456461 0.041254 0.092697
0 0.259901 0.456461 0.041254 0.092697
0 0.461221 0.456461 0.041254 0.092697
0 0.226898 0.647472 0.041254 0.092697
0 0.266502 0.650281 0.041254 0.092697
0 0.306106 0.653090 0.041254 0.092697
0 0.533828 0.655899 0.041254 0.092697
0 0.571782 0.655899 0.041254 0.092697
1 0.385314 0.269663 0.028053 0.095506
1 0.426568 0.365169 0.028053 0.095506
1 0.347360 0.654494 0.028053 0.095506
1 0.380363 0.657303 0.028053 0.095506
1 0.436469 0.660112 0.028053 0.095506
1 0.655941 0.662921 0.028053 0.095506
