0 0.198795 0.252604 0.036145 0.088542
0 0.239458 0.250000 0.039157 0.088542
0 0.290663 0.252604 0.039157 0.088542
0 0.198795 0.346354 0.039157 0.088542
0 0.239458 0.354167 0.039157 0.088542
0 0.292169 0.354167 0.039157 0.088542
0 0.197289 0.453125 0.039157 0.088542
0 0.238705 0.454427 0.043675 0.085938
0 0.447289 0.466146 0.039157 0.088542
0 0.193524 0.649740 0.043675 0.085938
0 0.237199 0.649740 0.043675 0.085938
0 0.274096 0.653646 0.039157 0.088542
0 0.515060 0.666667 0.039157 0.088542
0 0.557982 0.669271 0.037651 0.088542
