0 0.206851 0.271645 0.034256 0.080087
0 0.242424 0.273810 0.034256 0.080087
0 0.293808 0.278139 0.034256 0.080087
0 0.206851 0.362554 0.034256 0.080087
0 0.241107 0.366883 0.034256 0.080087
0 0.291173 0.369048 0.034256 0.080087
0 0.206851 0.457792 0.034256 0.080087
0 0.242424 0.453463 0.034256 0.080087
0 0.441370 0.466450 0.034256 0.080087
0 0.204216 0.637446 0.034256 0.080087
0 0.241107 0.639610 0.034256 0.080087
0 0.276680 0.639610 0.034256 0.080087
0 0.508564 0.656926 0.034256 0.080087
0 0.544137 0.659091 0.034256 0.080087
1 0.410408 0.370130 0.025033 0.086580
1 0.319499 0.640693 0.025033 0.086580
1 0.355072 0.642857 0.025033 0.086580
1 0.411726 0.645022 0.025033 0.086580
1 0.626482 0.662338 0.025033 0.086580
