0 0.216621 0.259815 0.038147 0.090069
0 0.297003 0.266744 0.038147 0.090069
0 0.249319 0.264434 0.038147 0.090069
0 0.212534 0.349885 0.038147 0.090069
0 0.246594 0.352194 0.038147 0.090069
0 0.295640 0.356813 0.038147 0.090069
0 0.212534 0.442263 0.038147 0.090069
0 0.246594 0.442263 0.038147 0.090069
0 0.438692 0.453811 0.038147 0.090069
0 0.209809 0.620092 0.038147 0.090069
0 0.247956 0.620092 0.038147 0.090069
0 0.282016 0.622402 0.038147 0.090069
0 0.501362 0.631640 0.038147 0.090069
0 0.536785 0.640878 0.038147 0.090069
