0 0.192935 0.271472 0.041667 0.088957
0 0.230978 0.271472 0.041667 0.088957
0 0.288949 0.274540 0.041667 0.088957
0 0.191123 0.372699 0.041667 0.088957
0 0.230978 0.372699 0.041667 0.088957
0 0.288949 0.375767 0.041667 0.088957
0 0.192935 0.470859 0.041667 0.088957
0 0.230978 0.473926 0.041667 0.088957
0 0.445652 0.483129 0.043478 0.095092
0 0.192935 0.673313 0.041667 0.088957
0 0.234601 0.673313 0.041667 0.088957
0 0.276268 0.670245 0.041667 0.088957
0 0.513587 0.679448 0.041667 0.088957
0 0.555254 0.679448 0.041667 0.088957
1 0.371377 0.273006 0.025362 0.104294
1 0.409420 0.374233 0.025362 0.104294
1 0.317029 0.668712 0.025362 0.104294
1 0.358696 0.671779 0.025362 0.104294
1 0.413043 0.674847 0.025362 0.104294
1 0.634058 0.671779 0.025362 0.104294
