0 0.210407 0.291897 0.047511 0.093923
0 0.254525 0.295580 0.047511 0.093923
0 0.304299 0.301105 0.047511 0.093923
0 0.207014 0.387661 0.047511 0.093923
0 0.248869 0.391344 0.047511 0.093923
0 0.304299 0.400552 0.047511 0.093923
0 0.207014 0.481584 0.047511 0.093923
0 0.251131 0.488950 0.047511 0.093923
0 0.457014 0.516575 0.047511 0.093923
0 0.196833 0.673112 0.047511 0.093923
0 0.235294 0.674954 0.047511 0.093923
0 0.282805 0.674954 0.047511 0.093923
0 0.518100 0.689687 0.036199 0.104972
0 0.555430 0.689687 0.036199 0.104972
1 0.391403 0.314917 0.029412 0.088398
1 0.430995 0.410681 0.029412 0.088398
1 0.329186 0.677716 0.029412 0.088398
1 0.361991 0.683241 0.029412 0.088398
1 0.421946 0.688766 0.029412 0.088398
1 0.630090 0.705341 0.029412 0.088398
