0 0.214720 0.275161 0.042579 0.100642
0 0.251217 0.270878 0.042579 0.100642
0 0.301095 0.275161 0.042579 0.100642
0 0.213504 0.367238 0.042579 0.100642
0 0.251217 0.367238 0.042579 0.100642
0 0.303528 0.373662 0.042579 0.100642
0 0.213504 0.467880 0.042579 0.100642
0 0.257299 0.467880 0.042579 0.100642
0 0.451946 0.472163 0.042579 0.100642
0 0.218370 0.658458 0.042579 0.100642
0 0.258516 0.658458 0.042579 0.100642
0 0.297445 0.656317 0.042579 0.100642
0 0.513990 0.664882 0.042579 0.100642
0 0.555353 0.664882 0.042579 0.100642
1 0.377129 0.279443 0.034063 0.092077
1 0.416058 0.373662 0.034063 0.092077
1 0.338200 0.652034 0.034063 0.092077
1 0.367397 0.656317 0.034063 0.092077
1 0.430657 0.658458 0.034063 0.092077
1 0.637470 0.669165 0.034063 0.092077
