0 0.197787 0.298329 0.044260 0.090692
0 0.233748 0.293556 0.044260 0.090692
0 0.286307 0.291169 0.044260 0.090692
0 0.196404 0.396181 0.044260 0.090692
0 0.242047 0.396181 0.044260 0.090692
0 0.291840 0.389021 0.044260 0.090692
0 0.197787 0.494033 0.044260 0.090692
0 0.242047 0.494033 0.044260 0.090692
0 0.449516 0.484487 0.044260 0.090692
0 0.203320 0.694511 0.044260 0.090692
0 0.242047 0.692124 0.044260 0.090692
0 0.280775 0.694511 0.044260 0.090692
0 0.517289 0.673031 0.044260 0.090692
0 0.557400 0.675418 0.044260 0.090692
1 0.373444 0.288783 0.030429 0.095465
1 0.410788 0.381862 0.030429 0.095465
1 0.327801 0.689737 0.030429 0.095465
1 0.367911 0.687351 0.030429 0.095465
1 0.420470 0.687351 0.030429 0.095465
1 0.637621 0.668258 0.030429 0.095465
