0 0.190217 0.259259 0.038043 0.092593
0 0.229620 0.259259 0.038043 0.092593
0 0.279891 0.259259 0.038043 0.092593
0 0.190217 0.351852 0.038043 0.092593
0 0.228261 0.354167 0.038043 0.092593
0 0.279891 0.356481 0.038043 0.092593
0 0.190217 0.446759 0.038043 0.092593
0 0.229620 0.446759 0.038043 0.092593
0 0.434783 0.462963 0.038043 0.092593
0 0.186141 0.641204 0.038043 0.092593
0 0.226902 0.638889 0.038043 0.092593
0 0.267663 0.641204 0.038043 0.092593
0 0.498641 0.655093 0.038043 0.092593
0 0.536685 0.655093 0.038043 0.092593
1 0.363451 0.259259 0.023098 0.087963
1 0.398777 0.358796 0.023098 0.087963
1 0.306386 0.648148 0.023098 0.087963
1 0.345788 0.648148 0.023098 0.087963
1 0.401495 0.648148 0.023098 0.087963
1 0.620245 0.659722 0.023098 0.087963
