0 0.194030 0.239198 0.043118 0.101852
0 0.228856 0.236111 0.043118 0.101852
0 0.280265 0.239198 0.043118 0.101852
0 0.194030 0.347222 0.043118 0.101852
0 0.237148 0.347222 0.043118 0.101852
0 0.281924 0.350309 0.043118 0.101852
0 0.190713 0.449074 0.043118 0.101852
0 0.233831 0.452160 0.043118 0.101852
0 0.437811 0.452160 0.043118 0.101852
0 0.195688 0.665123 0.043118 0.101852
0 0.232172 0.658951 0.043118 0.101852
0 0.275290 0.668210 0.043118 0.101852
0 0.514096 0.665123 0.043118 0.101852
0 0.550580 0.668210 0.043118 0.101852
1 0.362355 0.236111 0.028192 0.108025
1 0.402156 0.344136 0.028192 0.108025
1 0.315920 0.665123 0.028192 0.108025
1 0.350746 0.668210 0.028192 0.108025
1 0.410448 0.668210 0.028192 0.108025
1 0.632670 0.671296 0.028192 0.108025
