0 0.196311 0.261728 0.042161 0.103704
0 0.235837 0.259259 0.042161 0.103704
0 0.287220 0.259259 0.042161 0.103704
0 0.198946 0.367901 0.042161 0.103704
0 0.239789 0.365432 0.042161 0.103704
0 0.196311 0.476543 0.042161 0.103704
0 0.238472 0.476543 0.042161 0.103704
0 0.287220 0.372840 0.042161 0.103704
0 0.444005 0.469136 0.042161 0.103704
0 0.201581 0.676543 0.042161 0.103704
0 0.239789 0.681481 0.042161 0.103704
0 0.276680 0.681481 0.042161 0.103704
0 0.511199 0.691358 0.042161 0.103704
0 0.548090 0.688889 0.042161 0.103704
