0 0.216892 0.265661 0.036486 0.099768
0 0.253378 0.258701 0.036486 0.099768
0 0.300676 0.261021 0.036486 0.099768
0 0.215541 0.353828 0.036486 0.099768
0 0.252027 0.360789 0.036486 0.099768
0 0.303378 0.358469 0.036486 0.099768
0 0.216892 0.453596 0.036486 0.099768
0 0.253378 0.458237 0.036486 0.099768
0 0.453378 0.458237 0.036486 0.099768
0 0.215541 0.641531 0.036486 0.099768
0 0.253378 0.643852 0.036486 0.099768
0 0.288514 0.643852 0.036486 0.099768
0 0.519595 0.646172 0.036486 0.099768
0 0.554730 0.646172 0.036486 0.099768
1 0.379730 0.265661 0.027027 0.095128
1 0.417568 0.351508 0.027027 0.095128
1 0.331081 0.641531 0.027027 0.095128
1 0.364865 0.639211 0.027027 0.095128
1 0.420270 0.653132 0.027027 0.095128
1 0.635135 0.648492 0.027027 0.095128
