0 0.189953 0.291892 0.043956 0.097297
0 0.230769 0.291892 0.043956 0.097297
0 0.285714 0.289189 0.043956 0.097297
0 0.189953 0.400000 0.043956 0.097297
0 0.230769 0.394595 0.043956 0.097297
0 0.285714 0.386486 0.043956 0.097297
0 0.189953 0.508108 0.043956 0.097297
0 0.235479 0.494595 0.043956 0.097297
0 0.448980 0.478378 0.043956 0.097297
0 0.197802 0.705405 0.043956 0.097297
0 0.243328 0.694595 0.043956 0.097297
0 0.284144 0.697297 0.043956 0.097297
0 0.525903 0.664865 0.043956 0.097297
0 0.566719 0.664865 0.043956 0.097297
1 0.372057 0.283784 0.025118 0.091892
1 0.412873 0.375676 0.025118 0.091892
1 0.324961 0.689189 0.025118 0.091892
1 0.367347 0.685135 0.025118 0.110811
1 0.423862 0.682432 0.025118 0.110811
1 0.648352 0.660811 0.025118 0.110811
