0 0.206691 0.268839 0.040621 0.093686
0 0.243728 0.266802 0.040621 0.093686
0 0.289128 0.264766 0.040621 0.093686
0 0.205496 0.356415 0.040621 0.093686
0 0.241338 0.356415 0.040621 0.093686
0 0.290323 0.356415 0.040621 0.093686
0 0.203106 0.446029 0.040621 0.093686
0 0.244922 0.446029 0.040621 0.093686
0 0.436081 0.456212 0.040621 0.093686
0 0.207885 0.627291 0.040621 0.093686
0 0.242533 0.625255 0.040621 0.093686
0 0.283154 0.625255 0.040621 0.093686
0 0.500597 0.639511 0.040621 0.093686
0 0.540024 0.637475 0.040621 0.093686
