0 0.218243 0.265957 0.041892 0.096927
0 0.256081 0.263593 0.041892 0.096927
0 0.307432 0.265957 0.041892 0.096927
0 0.214189 0.360520 0.041892 0.096927
0 0.257432 0.367612 0.041892 0.096927
0 0.310135 0.372340 0.041892 0.096927
0 0.215541 0.466903 0.041892 0.096927
0 0.258784 0.471631 0.041892 0.096927
0 0.464189 0.473995 0.041892 0.096927
0 0.214189 0.670213 0.041892 0.096927
0 0.253378 0.672577 0.041892 0.096927
0 0.291216 0.672577 0.041892 0.096927
0 0.529054 0.670213 0.041892 0.096927
0 0.569595 0.672577 0.041892 0.096927
1 0.393919 0.273050 0.022973 0.101655
1 0.430405 0.362884 0.022973 0.101655
1 0.335811 0.663121 0.022973 0.101655
1 0.372297 0.667849 0.022973 0.101655
1 0.431757 0.672577 0.022973 0.101655
1 0.642568 0.667849 0.022973 0.101655
