0 0.196062 0.247664 0.039384 0.096573
0 0.237158 0.241433 0.039384 0.096573
0 0.288527 0.241433 0.039384 0.096573
0 0.197774 0.350467 0.039384 0.096573
0 0.237158 0.350467 0.039384 0.096573
0 0.291952 0.347352 0.039384 0.096573
0 0.201199 0.456386 0.039384 0.096573
0 0.238870 0.453271 0.039384 0.096573
0 0.451199 0.447040 0.039384 0.096573
0 0.204623 0.671340 0.039384 0.096573
0 0.244007 0.671340 0.039384 0.096573
0 0.285103 0.671340 0.039384 0.096573
0 0.526541 0.649533 0.039384 0.096573
0 0.567637 0.652648 0.039384 0.096573
1 0.371575 0.235202 0.027397 0.102804
1 0.419521 0.342679 0.027397 0.118380
1 0.325342 0.665109 0.027397 0.102804
1 0.368151 0.658879 0.027397 0.102804
1 0.426370 0.655763 0.027397 0.102804
