0 0.207819 0.273399 0.042524 0.098522
0 0.244856 0.273399 0.042524 0.098522
0 0.295610 0.270936 0.042524 0.098522
0 0.209191 0.366995 0.042524 0.098522
0 0.251715 0.371921 0.042524 0.098522
0 0.296982 0.374384 0.042524 0.098522
0 0.209191 0.467980 0.042524 0.098522
0 0.246228 0.467980 0.042524 0.098522
0 0.449246 0.475369 0.042524 0.098522
0 0.209191 0.669951 0.042524 0.098522
0 0.250343 0.662562 0.042524 0.098522
0 0.287380 0.665025 0.042524 0.098522
0 0.519204 0.674877 0.042524 0.098522
0 0.557613 0.679803 0.042524 0.098522
