0 0.194719 0.265396 0.039604 0.090909
0 0.231023 0.265396 0.039604 0.090909
0 0.280528 0.259531 0.039604 0.090909
0 0.196370 0.359238 0.039604 0.090909
0 0.232673 0.365103 0.039604 0.090909
0 0.282178 0.365103 0.039604 0.090909
0 0.194719 0.464809 0.039604 0.090909
0 0.235974 0.461877 0.039604 0.090909
0 0.432343 0.461877 0.039604 0.090909
0 0.199670 0.664223 0.039604 0.090909
0 0.240924 0.664223 0.039604 0.090909
0 0.277228 0.661290 0.039604 0.090909
0 0.506601 0.667155 0.039604 0.090909
0 0.544554 0.667155 0.039604 0.090909
1 0.358911 0.259531 0.024752 0.096774
1 0.398515 0.368035 0.024752 0.096774
1 0.317657 0.664223 0.024752 0.096774
1 0.353960 0.664223 0.024752 0.096774
1 0.413366 0.670088 0.024752 0.096774
1 0.631188 0.667155 0.024752 0.096774
