0 0.213355 0.261429 0.039088 0.094286
0 0.250814 0.261429 0.039088 0.094286
0 0.213355 0.358571 0.039088 0.094286
0 0.250814 0.361429 0.039088 0.094286
0 0.299674 0.264286 0.039088 0.094286
0 0.301303 0.364286 0.039088 0.094286
0 0.214984 0.461429 0.039088 0.094286
0 0.252443 0.461429 0.039088 0.094286
0 0.451140 0.467143 0.039088 0.094286
0 0.216612 0.655714 0.039088 0.094286
0 0.255700 0.661429 0.039088 0.094286
0 0.294788 0.661429 0.039088 0.094286
0 0.522801 0.664286 0.039088 0.094286
0 0.561889 0.667143 0.039088 0.094286
