0 0.196581 0.252322 0.041026 0.108359
0 0.241026 0.261610 0.041026 0.108359
0 0.200000 0.360681 0.041026 0.108359
0 0.201709 0.465944 0.041026 0.108359
0 0.239316 0.469040 0.041026 0.108359
0 0.237607 0.366873 0.041026 0.108359
0 0.290598 0.261610 0.041026 0.108359
0 0.290598 0.366873 0.041026 0.108359
0 0.447863 0.472136 0.041026 0.108359
0 0.201709 0.670279 0.041026 0.108359
0 0.278632 0.676471 0.041026 0.108359
0 0.237607 0.673375 0.041026 0.108359
0 0.509402 0.673375 0.041026 0.108359
0 0.545299 0.685759 0.041026 0.108359
1 0.371795 0.258514 0.025641 0.102167
1 0.409402 0.369969 0.025641 0.102167
1 0.320513 0.670279 0.025641 0.102167
1 0.358120 0.670279 0.025641 0.102167
1 0.412821 0.679567 0.025641 0.102167
1 0.626496 0.685759 0.025641 0.102167
