0 0.200269 0.292627 0.040323 0.092166
0 0.239247 0.292627 0.040323 0.092166
0 0.293011 0.294931 0.040323 0.092166
0 0.198925 0.394009 0.040323 0.092166
0 0.237903 0.394009 0.040323 0.092166
0 0.290323 0.391705 0.040323 0.092166
0 0.202957 0.490783 0.040323 0.092166
0 0.243280 0.490783 0.040323 0.092166
0 0.443548 0.483871 0.040323 0.092166
0 0.197581 0.684332 0.040323 0.092166
0 0.237903 0.684332 0.040323 0.092166
0 0.278226 0.684332 0.040323 0.092166
0 0.510753 0.668203 0.040323 0.092166
0 0.540323 0.668203 0.040323 0.092166
1 0.370296 0.289171 0.030914 0.089862
1 0.410618 0.385945 0.030914 0.089862
1 0.317876 0.676267 0.030914 0.089862
1 0.355511 0.678571 0.030914 0.089862
1 0.417339 0.676267 0.030914 0.089862
