0 0.216667 0.260057 0.039683 0.089080
0 0.256349 0.260057 0.039683 0.089080
0 0.303968 0.260057 0.039683 0.089080
0 0.216667 0.366379 0.039683 0.089080
0 0.257937 0.357759 0.039683 0.089080
0 0.305556 0.360632 0.039683 0.089080
0 0.219841 0.461207 0.039683 0.089080
0 0.259524 0.455460 0.039683 0.089080
0 0.219841 0.659483 0.039683 0.089080
0 0.261111 0.662356 0.039683 0.089080
0 0.300794 0.656609 0.039683 0.089080
0 0.526190 0.659483 0.039683 0.089080
0 0.564286 0.659483 0.039683 0.089080
0 0.456349 0.458333 0.039683 0.089080
1 0.379365 0.257184 0.028571 0.089080
1 0.419048 0.354885 0.028571 0.089080
1 0.339683 0.659483 0.028571 0.089080
1 0.374603 0.656609 0.028571 0.089080
1 0.430159 0.653736 0.028571 0.089080
1 0.641270 0.656609 0.028571 0.089080
