0 0.194305 0.276435 0.043551 0.111782
0 0.237856 0.276435 0.043551 0.111782
0 0.289782 0.270393 0.043551 0.111782
0 0.197655 0.385196 0.043551 0.111782
0 0.242881 0.385196 0.043551 0.111782
0 0.289782 0.382175 0.043551 0.111782
0 0.201005 0.490937 0.043551 0.111782
0 0.242881 0.490937 0.043551 0.111782
0 0.455611 0.472810 0.043551 0.111782
0 0.206868 0.697885 0.038526 0.114804
0 0.250419 0.697885 0.038526 0.114804
0 0.287270 0.700906 0.038526 0.114804
0 0.533501 0.679758 0.038526 0.114804
0 0.570352 0.682779 0.038526 0.114804
