0 0.204849 0.244253 0.038462 0.097701
0 0.241639 0.247126 0.038462 0.097701
0 0.295151 0.250000 0.038462 0.097701
0 0.204849 0.341954 0.038462 0.097701
0 0.243311 0.347701 0.038462 0.097701
0 0.295151 0.347701 0.038462 0.097701
0 0.203177 0.439655 0.038462 0.097701
0 0.239967 0.442529 0.038462 0.097701
0 0.445652 0.445402 0.038462 0.097701
0 0.203177 0.629310 0.038462 0.097701
0 0.246656 0.632184 0.038462 0.097701
0 0.283445 0.637931 0.038462 0.097701
0 0.549331 0.640805 0.038462 0.097701
0 0.515886 0.640805 0.038462 0.097701
1 0.377090 0.252874 0.028428 0.091954
1 0.410535 0.347701 0.028428 0.091954
1 0.321906 0.635057 0.028428 0.091954
1 0.355351 0.635057 0.028428 0.091954
1 0.418896 0.635057 0.028428 0.091954
1 0.624582 0.643678 0.028428 0.091954
