0 0.212538 0.287009 0.042813 0.114804
0 0.252294 0.283988 0.042813 0.114804
0 0.293578 0.277946 0.042813 0.114804
0 0.212538 0.383686 0.042813 0.114804
0 0.256881 0.386707 0.042813 0.114804
0 0.298165 0.386707 0.042813 0.114804
0 0.211009 0.489426 0.042813 0.114804
0 0.253823 0.492447 0.042813 0.114804
0 0.449541 0.483384 0.042813 0.114804
0 0.217125 0.706949 0.042813 0.114804
0 0.258410 0.703927 0.042813 0.114804
0 0.299694 0.706949 0.042813 0.114804
0 0.521407 0.685801 0.042813 0.114804
0 0.555046 0.682779 0.042813 0.114804
1 0.376147 0.268882 0.027523 0.096677
1 0.418960 0.374622 0.027523 0.096677
1 0.339450 0.703927 0.027523 0.114804
1 0.376147 0.697885 0.027523 0.114804
1 0.428135 0.694864 0.027523 0.114804
1 0.634557 0.673716 0.027523 0.114804
