0 0.211562 0.263830 0.039360 0.097872
0 0.249692 0.265957 0.039360 0.097872
0 0.301353 0.263830 0.039360 0.097872
0 0.214022 0.365957 0.039360 0.097872
0 0.253383 0.365957 0.039360 0.097872
0 0.301353 0.365957 0.039360 0.097872
0 0.214022 0.459574 0.039360 0.097872
0 0.255843 0.461702 0.039360 0.097872
0 0.453875 0.463830 0.039360 0.097872
0 0.216482 0.646809 0.039360 0.097872
0 0.255843 0.655319 0.039360 0.097872
0 0.296433 0.659574 0.039360 0.097872
0 0.521525 0.663830 0.039360 0.097872
0 0.562116 0.659574 0.039360 0.097872
1 0.384379 0.265957 0.025830 0.102128
1 0.424969 0.357447 0.025830 0.102128
1 0.340098 0.657447 0.025830 0.102128
1 0.372079 0.661702 0.025830 0.102128
1 0.426199 0.661702 0.025830 0.102128
1 0.641451 0.661702 0.025830 0.102128
