0 0.196429 0.256369 0.046429 0.105096
0 0.235714 0.256369 0.046429 0.105096
0 0.291071 0.253185 0.046429 0.105096
0 0.198214 0.361465 0.046429 0.105096
0 0.242857 0.361465 0.046429 0.105096
0 0.289286 0.367834 0.046429 0.105096
0 0.196429 0.479299 0.046429 0.105096
0 0.244643 0.479299 0.046429 0.105096
0 0.451786 0.476115 0.046429 0.105096
0 0.196429 0.676752 0.046429 0.105096
0 0.241071 0.679936 0.046429 0.105096
0 0.283929 0.686306 0.046429 0.105096
0 0.525000 0.691083 0.035714 0.108280
0 0.562500 0.687898 0.035714 0.108280
