0 0.205631 0.263235 0.042662 0.102941
0 0.239761 0.263235 0.042662 0.102941
0 0.299488 0.263235 0.042662 0.102941
0 0.203925 0.363235 0.042662 0.102941
0 0.241468 0.363235 0.042662 0.102941
0 0.297782 0.369118 0.042662 0.102941
0 0.203925 0.469118 0.042662 0.102941
0 0.244881 0.469118 0.042662 0.102941
0 0.451365 0.472059 0.042662 0.102941
0 0.205631 0.657353 0.046075 0.102941
0 0.244881 0.660294 0.046075 0.102941
0 0.284130 0.663235 0.046075 0.102941
0 0.522184 0.669118 0.037543 0.091176
0 0.559727 0.669118 0.037543 0.091176
1 0.382253 0.269118 0.023891 0.108824
1 0.422355 0.372059 0.029010 0.102941
1 0.326792 0.663235 0.029010 0.102941
1 0.364334 0.666176 0.029010 0.102941
1 0.420648 0.663235 0.029010 0.102941
1 0.637372 0.675000 0.029010 0.102941
