0 0.210074 0.259868 0.036855 0.098684
0 0.248157 0.259868 0.036855 0.098684
0 0.298526 0.259868 0.036855 0.098684
0 0.214988 0.358553 0.036855 0.098684
0 0.249386 0.360746 0.036855 0.098684
0 0.297297 0.354167 0.036855 0.098684
0 0.213759 0.452851 0.036855 0.098684
0 0.253071 0.452851 0.036855 0.098684
0 0.448403 0.448465 0.036855 0.098684
0 0.219902 0.643640 0.036855 0.098684
0 0.255528 0.643640 0.036855 0.098684
0 0.293612 0.645833 0.036855 0.098684
0 0.519656 0.639254 0.036855 0.098684
0 0.556511 0.637061 0.036855 0.098684
1 0.375307 0.253289 0.028256 0.103070
1 0.418305 0.343202 0.028256 0.103070
1 0.333538 0.645833 0.028256 0.103070
1 0.369165 0.645833 0.028256 0.103070
1 0.424447 0.652412 0.028256 0.103070
1 0.634521 0.634868 0.028256 0.103070
