0 0.210922 0.281982 0.043086 0.106306
0 0.253006 0.287387 0.043086 0.106306
0 0.302104 0.290991 0.043086 0.106306
0 0.208918 0.386486 0.043086 0.106306
0 0.252004 0.388288 0.043086 0.106306
0 0.300100 0.391892 0.043086 0.106306
0 0.210922 0.489189 0.043086 0.106306
0 0.251002 0.490991 0.043086 0.106306
0 0.447395 0.507207 0.043086 0.106306
0 0.208918 0.678378 0.043086 0.106306
0 0.253006 0.678378 0.043086 0.106306
0 0.292084 0.680180 0.043086 0.106306
0 0.493487 0.692793 0.043086 0.106306
0 0.535571 0.689189 0.043086 0.106306
1 0.329659 0.685586 0.028056 0.113514
1 0.357715 0.683784 0.028056 0.113514
1 0.413828 0.694595 0.028056 0.113514
1 0.383768 0.305405 0.028056 0.113514
1 0.416333 0.391892 0.025050 0.099099
1 0.603206 0.694595 0.028056 0.113514
