0 0.222222 0.268957 0.039683 0.106635
0 0.257937 0.266588 0.039683 0.106635
0 0.310847 0.264218 0.039683 0.106635
0 0.219577 0.363744 0.039683 0.106635
0 0.259259 0.368483 0.039683 0.106635
0 0.312169 0.368483 0.039683 0.106635
0 0.220899 0.470379 0.039683 0.106635
0 0.257937 0.465640 0.039683 0.106635
0 0.462963 0.465640 0.039683 0.106635
0 0.222222 0.671801 0.039683 0.106635
0 0.261905 0.667062 0.039683 0.106635
0 0.301587 0.669431 0.039683 0.106635
0 0.522487 0.669431 0.039683 0.106635
0 0.563492 0.667062 0.039683 0.106635
