0 0.206667 0.257022 0.042963 0.109551
0 0.246667 0.259831 0.042963 0.109551
0 0.300000 0.259831 0.042963 0.109551
0 0.208148 0.366573 0.042963 0.109551
0 0.249630 0.366573 0.042963 0.109551
0 0.301481 0.366573 0.042963 0.109551
0 0.209630 0.484551 0.042963 0.109551
0 0.252593 0.478933 0.042963 0.109551
0 0.464444 0.473315 0.042963 0.109551
0 0.214074 0.698034 0.042963 0.109551
0 0.255556 0.695225 0.042963 0.109551
0 0.298519 0.692416 0.042963 0.109551
0 0.535556 0.692416 0.042963 0.109551
0 0.578519 0.692416 0.042963 0.109551
