0 0.198593 0.263066 0.048701 0.104530
0 0.235390 0.273519 0.048701 0.104530
0 0.289502 0.278746 0.048701 0.104530
0 0.192100 0.357143 0.048701 0.104530
0 0.231061 0.364111 0.048701 0.104530
0 0.281926 0.372822 0.048701 0.104530
0 0.186688 0.445993 0.048701 0.104530
0 0.226732 0.458188 0.048701 0.104530
0 0.434524 0.494774 0.048701 0.104530
0 0.180195 0.635889 0.048701 0.104530
0 0.222403 0.641115 0.048701 0.104530
0 0.263528 0.648084 0.048701 0.104530
0 0.487013 0.675087 0.043290 0.088850
0 0.525974 0.680314 0.043290 0.088850
