0 0.250746 0.282192 0.044776 0.093151
0 0.285075 0.282192 0.044776 0.093151
0 0.338806 0.276712 0.044776 0.093151
0 0.250746 0.389041 0.044776 0.093151
0 0.291045 0.380822 0.044776 0.093151
0 0.340299 0.380822 0.044776 0.093151
0 0.252239 0.490411 0.044776 0.093151
0 0.291045 0.487671 0.044776 0.093151
0 0.498507 0.473973 0.044776 0.093151
0 0.258209 0.698630 0.044776 0.093151
0 0.295522 0.693151 0.044776 0.093151
0 0.334328 0.687671 0.044776 0.093151
0 0.568657 0.665753 0.044776 0.093151
0 0.604478 0.660274 0.044776 0.093151
