0 0.194643 0.283439 0.042857 0.101911
0 0.233929 0.280255 0.042857 0.101911
0 0.289286 0.280255 0.042857 0.101911
0 0.192857 0.385350 0.042857 0.101911
0 0.237500 0.388535 0.042857 0.101911
0 0.289286 0.388535 0.042857 0.101911
0 0.192857 0.500000 0.042857 0.101911
0 0.237500 0.503185 0.042857 0.101911
0 0.455357 0.506369 0.042857 0.101911
0 0.196429 0.710191 0.042857 0.101911
0 0.237500 0.713376 0.042857 0.101911
0 0.278571 0.719745 0.042857 0.101911
0 0.521429 0.722930 0.042857 0.101911
0 0.564286 0.722930 0.042857 0.101911
1 0.378571 0.288217 0.025000 0.111465
1 0.417857 0.393312 0.025000 0.111465
1 0.644643 0.714968 0.025000 0.111465
1 0.323214 0.718153 0.025000 0.111465
1 0.360714 0.714968 0.025000 0.111465
1 0.423214 0.727707 0.025000 0.111465
