0 0.194991 0.270393 0.042934 0.099698
0 0.236136 0.267372 0.042934 0.099698
0 0.196780 0.367069 0.042934 0.099698
0 0.237925 0.376133 0.042934 0.099698
0 0.288014 0.276435 0.042934 0.099698
0 0.289803 0.373112 0.042934 0.099698
0 0.193202 0.466767 0.042934 0.099698
0 0.443649 0.481873 0.042934 0.099698
0 0.193202 0.663142 0.042934 0.099698
0 0.234347 0.663142 0.042934 0.099698
0 0.271914 0.669184 0.042934 0.099698
0 0.509839 0.678248 0.042934 0.099698
0 0.545617 0.678248 0.042934 0.099698
1 0.373882 0.277946 0.028623 0.102719
1 0.409660 0.371601 0.028623 0.102719
1 0.316637 0.664653 0.028623 0.102719
1 0.354204 0.667674 0.028623 0.102719
1 0.411449 0.667674 0.028623 0.102719
1 0.627907 0.676737 0.028623 0.102719
