0 0.205145 0.267184 0.040897 0.090909
0 0.243404 0.271619 0.040897 0.090909
0 0.289578 0.273836 0.040897 0.090909
0 0.202507 0.355876 0.040897 0.090909
0 0.239446 0.362528 0.040897 0.090909
0 0.288259 0.366962 0.040897 0.090909
0 0.201187 0.455654 0.040897 0.090909
0 0.240765 0.455654 0.040897 0.090909
0 0.437335 0.473392 0.040897 0.090909
0 0.198549 0.635255 0.040897 0.090909
0 0.238127 0.641907 0.040897 0.090909
0 0.272427 0.646341 0.040897 0.090909
0 0.498021 0.666297 0.040897 0.090909
0 0.540237 0.668514 0.040897 0.090909
