0 0.215541 0.267442 0.041892 0.093023
0 0.252027 0.267442 0.041892 0.093023
0 0.304730 0.269767 0.041892 0.093023
0 0.214189 0.355814 0.041892 0.093023
0 0.253378 0.360465 0.041892 0.093023
0 0.303378 0.360465 0.041892 0.093023
0 0.216892 0.460465 0.041892 0.093023
0 0.256081 0.458140 0.041892 0.093023
0 0.452027 0.462791 0.041892 0.093023
0 0.216892 0.641860 0.041892 0.093023
0 0.254730 0.639535 0.041892 0.093023
0 0.296622 0.644186 0.041892 0.093023
0 0.523649 0.648837 0.041892 0.093023
0 0.558784 0.648837 0.041892 0.093023
1 0.381757 0.270930 0.028378 0.095349
1 0.416892 0.356977 0.028378 0.095349
1 0.335811 0.643023 0.028378 0.095349
1 0.368243 0.643023 0.028378 0.095349
1 0.426351 0.645349 0.028378 0.095349
1 0.638514 0.652326 0.028378 0.095349
