0 0.202866 0.271739 0.040724 0.108696
0 0.242081 0.269022 0.040724 0.108696
0 0.291855 0.271739 0.040724 0.108696
0 0.202866 0.372283 0.040724 0.108696
0 0.240573 0.372283 0.040724 0.108696
0 0.291855 0.377717 0.040724 0.108696
0 0.204374 0.475543 0.040724 0.108696
0 0.240573 0.475543 0.040724 0.108696
0 0.444193 0.461957 0.040724 0.108696
0 0.204374 0.684783 0.040724 0.108696
0 0.240573 0.682065 0.040724 0.108696
0 0.281297 0.682065 0.040724 0.108696
0 0.513575 0.657609 0.040724 0.108696
0 0.549774 0.654891 0.040724 0.108696
1 0.374057 0.259511 0.030166 0.089674
1 0.414781 0.365489 0.030166 0.089674
1 0.323529 0.679348 0.028658 0.108696
1 0.358220 0.671196 0.028658 0.108696
1 0.417044 0.660326 0.028658 0.108696
1 0.628205 0.649457 0.028658 0.108696
