0 0.192867 0.298643 0.044914 0.090498
0 0.239102 0.300905 0.044914 0.090498
0 0.285337 0.294118 0.044914 0.090498
0 0.194188 0.393665 0.044914 0.090498
0 0.236460 0.391403 0.044914 0.090498
0 0.287979 0.400452 0.044914 0.090498
0 0.191546 0.490950 0.044914 0.090498
0 0.235139 0.497738 0.044914 0.090498
0 0.438573 0.497738 0.044914 0.090498
0 0.193527 0.688914 0.038309 0.097285
0 0.233157 0.691176 0.038309 0.101810
0 0.273448 0.692308 0.039630 0.099548
0 0.499339 0.685520 0.044914 0.090498
0 0.535007 0.685520 0.044914 0.090498
1 0.368560 0.296380 0.026420 0.095023
1 0.408190 0.398190 0.026420 0.095023
1 0.314399 0.687783 0.026420 0.095023
1 0.347424 0.692308 0.026420 0.095023
1 0.406869 0.685520 0.026420 0.095023
1 0.615588 0.685520 0.026420 0.095023
