0 0.213415 0.264237 0.036585 0.100228
0 0.252710 0.264237 0.036585 0.100228
0 0.212060 0.362187 0.036585 0.100228
0 0.252710 0.364465 0.036585 0.100228
0 0.305556 0.366743 0.036585 0.100228
0 0.306911 0.266515 0.036585 0.100228
0 0.212060 0.460137 0.036585 0.100228
0 0.251355 0.460137 0.036585 0.100228
0 0.458672 0.460137 0.036585 0.100228
0 0.210705 0.653759 0.036585 0.100228
0 0.248645 0.656036 0.036585 0.100228
0 0.285230 0.656036 0.036585 0.100228
0 0.526423 0.653759 0.036585 0.100228
0 0.564363 0.653759 0.036585 0.100228
1 0.389566 0.273349 0.028455 0.091116
1 0.426152 0.366743 0.028455 0.091116
1 0.335366 0.656036 0.028455 0.091116
1 0.367886 0.656036 0.028455 0.091116
1 0.426152 0.658314 0.028455 0.091116
1 0.640244 0.662870 0.028455 0.091116
