0 0.196043 0.263666 0.039568 0.102894
0 0.235612 0.266881 0.039568 0.102894
0 0.289568 0.270096 0.039568 0.102894
0 0.194245 0.372990 0.039568 0.102894
0 0.235612 0.372990 0.039568 0.102894
0 0.287770 0.372990 0.039568 0.102894
0 0.196043 0.482315 0.039568 0.102894
0 0.235612 0.475884 0.039568 0.102894
0 0.444245 0.488746 0.039568 0.102894
0 0.196043 0.684887 0.039568 0.102894
0 0.233813 0.688103 0.039568 0.102894
0 0.271583 0.691318 0.039568 0.102894
0 0.512590 0.697749 0.039568 0.102894
0 0.546763 0.700965 0.039568 0.102894
