0 0.196588 0.258671 0.040059 0.118497
0 0.235163 0.255780 0.040059 0.118497
0 0.287092 0.258671 0.040059 0.118497
0 0.195104 0.368497 0.040059 0.118497
0 0.236647 0.368497 0.040059 0.118497
0 0.288576 0.368497 0.040059 0.118497
0 0.444362 0.469653 0.040059 0.118497
0 0.198071 0.481214 0.040059 0.118497
0 0.239614 0.484104 0.040059 0.118497
0 0.202522 0.712428 0.040059 0.118497
0 0.244065 0.706647 0.040059 0.118497
0 0.281157 0.706647 0.040059 0.118497
0 0.512611 0.683526 0.040059 0.118497
0 0.552671 0.680636 0.040059 0.118497
1 0.371662 0.255780 0.022255 0.106936
1 0.411721 0.356936 0.022255 0.106936
1 0.324184 0.703757 0.022255 0.106936
1 0.361276 0.697977 0.022255 0.106936
1 0.419139 0.697977 0.022255 0.106936
1 0.629822 0.683526 0.022255 0.106936
