0 0.202232 0.266265 0.044630 0.098795
0 0.242678 0.271084 0.044630 0.098795
0 0.298466 0.266265 0.044630 0.098795
0 0.202232 0.372289 0.044630 0.098795
0 0.241283 0.372289 0.044630 0.098795
0 0.295676 0.374699 0.044630 0.098795
0 0.199442 0.471084 0.044630 0.098795
0 0.241283 0.475904 0.044630 0.098795
0 0.456067 0.478313 0.044630 0.098795
0 0.195258 0.678313 0.044630 0.098795
0 0.238494 0.678313 0.044630 0.098795
0 0.284519 0.678313 0.044630 0.098795
0 0.524407 0.675904 0.044630 0.098795
0 0.562064 0.680723 0.044630 0.098795
