0 0.197514 0.251256 0.041436 0.105528
0 0.240331 0.246231 0.041436 0.105528
0 0.292818 0.248744 0.041436 0.105528
0 0.197514 0.361809 0.041436 0.105528
0 0.237569 0.361809 0.041436 0.105528
0 0.292818 0.361809 0.041436 0.105528
0 0.196133 0.469849 0.041436 0.105528
0 0.236188 0.477387 0.041436 0.105528
0 0.455801 0.474874 0.041436 0.105528
0 0.193370 0.688442 0.041436 0.105528
0 0.234807 0.690955 0.041436 0.105528
0 0.276243 0.690955 0.041436 0.105528
0 0.516575 0.680905 0.041436 0.105528
0 0.559392 0.683417 0.041436 0.105528
1 0.381906 0.248744 0.026243 0.110553
1 0.419199 0.359296 0.026243 0.110553
1 0.321133 0.688442 0.026243 0.110553
1 0.359807 0.688442 0.026243 0.110553
1 0.421961 0.690955 0.026243 0.110553
1 0.645028 0.680905 0.033149 0.120603
