0 0.199749 0.245575 0.040201 0.097345
0 0.236181 0.243363 0.040201 0.097345
0 0.287688 0.245575 0.040201 0.097345
0 0.203518 0.351770 0.040201 0.097345
0 0.241206 0.349558 0.040201 0.097345
0 0.291457 0.340708 0.040201 0.097345
0 0.204774 0.451327 0.040201 0.097345
0 0.247487 0.449115 0.040201 0.097345
0 0.447236 0.442478 0.040201 0.097345
0 0.212312 0.634956 0.040201 0.097345
0 0.246231 0.641593 0.040201 0.097345
0 0.290201 0.646018 0.040201 0.097345
0 0.516332 0.639381 0.040201 0.097345
0 0.559045 0.643805 0.040201 0.097345
1 0.371859 0.242257 0.027638 0.099558
1 0.414573 0.337389 0.027638 0.099558
1 0.325377 0.640487 0.027638 0.099558
1 0.364322 0.640487 0.027638 0.099558
1 0.418342 0.638274 0.027638 0.099558
1 0.634422 0.640487 0.027638 0.099558
