0 0.192699 0.257353 0.042445 0.097059
0 0.231749 0.263235 0.042445 0.097059
0 0.284380 0.263235 0.042445 0.097059
0 0.192699 0.351471 0.042445 0.097059
0 0.233447 0.357353 0.042445 0.097059
0 0.284380 0.357353 0.042445 0.097059
0 0.196095 0.454412 0.042445 0.097059
0 0.235144 0.454412 0.042445 0.097059
0 0.437182 0.466176 0.042445 0.097059
0 0.196095 0.645588 0.042445 0.097059
0 0.236842 0.642647 0.042445 0.097059
0 0.279287 0.654412 0.042445 0.097059
0 0.501698 0.660294 0.042445 0.097059
0 0.540747 0.660294 0.042445 0.097059
1 0.366723 0.269118 0.027165 0.097059
1 0.407470 0.363235 0.027165 0.097059
1 0.317487 0.660294 0.027165 0.097059
1 0.349745 0.660294 0.027165 0.097059
1 0.410866 0.660294 0.027165 0.097059
1 0.617997 0.666176 0.027165 0.097059
