0 0.197262 0.258953 0.043478 0.099174
0 0.240741 0.261708 0.043478 0.099174
0 0.293881 0.261708 0.043478 0.099174
0 0.202093 0.363636 0.043478 0.099174
0 0.237520 0.360882 0.043478 0.099174
0 0.292271 0.366391 0.043478 0.099174
0 0.197262 0.471074 0.043478 0.099174
0 0.240741 0.471074 0.043478 0.099174
0 0.458132 0.465565 0.043478 0.099174
0 0.192432 0.683196 0.043478 0.099174
0 0.237520 0.680441 0.043478 0.099174
0 0.282609 0.677686 0.043478 0.099174
0 0.527375 0.661157 0.043478 0.099174
0 0.567633 0.652893 0.043478 0.099174
