0 0.213687 0.263682 0.041899 0.104478
0 0.252793 0.263682 0.041899 0.104478
0 0.212291 0.358209 0.041899 0.104478
0 0.252793 0.360697 0.041899 0.104478
0 0.213687 0.467662 0.041899 0.104478
0 0.254190 0.462687 0.041899 0.104478
0 0.212291 0.676617 0.041899 0.104478
0 0.252793 0.676617 0.041899 0.104478
0 0.290503 0.674129 0.041899 0.104478
0 0.523743 0.674129 0.041899 0.104478
0 0.561453 0.674129 0.041899 0.104478
0 0.304469 0.271144 0.041899 0.104478
0 0.303073 0.368159 0.041899 0.104478
0 0.459497 0.472637 0.041899 0.104478
