0 0.200512 0.264706 0.039249 0.088235
0 0.236348 0.261765 0.039249 0.088235
0 0.287543 0.270588 0.039249 0.088235
0 0.200512 0.361765 0.039249 0.088235
0 0.238055 0.370588 0.039249 0.088235
0 0.290956 0.370588 0.039249 0.088235
0 0.200512 0.458824 0.039249 0.088235
0 0.238055 0.464706 0.039249 0.088235
0 0.439420 0.473529 0.039249 0.088235
0 0.200512 0.655882 0.039249 0.088235
0 0.238055 0.655882 0.039249 0.088235
0 0.275597 0.655882 0.039249 0.088235
0 0.502560 0.664706 0.039249 0.088235
0 0.538396 0.664706 0.039249 0.088235
