0 0.186183 0.229050 0.044496 0.085661
0 0.224824 0.236499 0.044496 0.085661
0 0.281030 0.243948 0.044496 0.085661
0 0.183841 0.325885 0.044496 0.085661
0 0.222482 0.337058 0.044496 0.085661
0 0.277518 0.338920 0.044496 0.085661
0 0.179157 0.422719 0.044496 0.085661
0 0.224824 0.430168 0.044496 0.085661
0 0.429742 0.456238 0.044496 0.085661
0 0.179157 0.612663 0.044496 0.085661
0 0.221311 0.612663 0.044496 0.085661
0 0.261124 0.618250 0.044496 0.085661
0 0.492974 0.643389 0.039813 0.083799
0 0.526932 0.647114 0.039813 0.083799
1 0.367681 0.253259 0.023419 0.096834
1 0.402810 0.350093 0.023419 0.096834
1 0.298595 0.623836 0.023419 0.096834
1 0.336066 0.627561 0.023419 0.096834
1 0.393443 0.635009 0.023419 0.096834
1 0.605386 0.653631 0.023419 0.096834
