0 0.228043 0.287390 0.040062 0.111437
0 0.269646 0.284457 0.040062 0.111437
0 0.320493 0.281525 0.040062 0.111437
0 0.229584 0.395894 0.040062 0.111437
0 0.271186 0.390029 0.040062 0.111437
0 0.322034 0.395894 0.040062 0.111437
0 0.232666 0.501466 0.040062 0.111437
0 0.274268 0.501466 0.040062 0.111437
0 0.476117 0.483871 0.040062 0.111437
0 0.235747 0.715543 0.040062 0.111437
0 0.275809 0.712610 0.040062 0.111437
0 0.318952 0.709677 0.040062 0.111437
0 0.548536 0.686217 0.040062 0.111437
0 0.582435 0.689150 0.040062 0.111437
1 0.404468 0.272727 0.029276 0.105572
1 0.446071 0.381232 0.029276 0.105572
1 0.359784 0.709677 0.029276 0.105572
1 0.396764 0.709677 0.029276 0.105572
1 0.455316 0.697947 0.029276 0.105572
1 0.658706 0.677419 0.029276 0.105572
