0 0.190120 0.275401 0.038922 0.096257
0 0.227545 0.270053 0.038922 0.096257
0 0.193114 0.379679 0.038922 0.096257
0 0.233533 0.374332 0.038922 0.096257
0 0.282934 0.270053 0.038922 0.096257
0 0.284431 0.374332 0.038922 0.096257
0 0.196108 0.478610 0.038922 0.096257
0 0.236527 0.478610 0.038922 0.096257
0 0.438623 0.465241 0.038922 0.096257
0 0.200599 0.679144 0.038922 0.096257
0 0.241018 0.681818 0.038922 0.096257
0 0.276946 0.676471 0.038922 0.096257
0 0.508982 0.657754 0.038922 0.096257
0 0.547904 0.649733 0.038922 0.096257
1 0.363772 0.264706 0.023952 0.112299
1 0.405689 0.355615 0.023952 0.112299
1 0.321856 0.671123 0.023952 0.112299
1 0.356287 0.665775 0.023952 0.112299
1 0.416168 0.660428 0.023952 0.112299
1 0.625000 0.644385 0.022455 0.096257
