0 0.203601 0.244472 0.044321 0.095823
0 0.242382 0.249386 0.044321 0.095823
0 0.289474 0.242015 0.044321 0.095823
0 0.200831 0.345209 0.044321 0.095823
0 0.245152 0.342752 0.044321 0.095823
0 0.295014 0.342752 0.044321 0.095823
0 0.204986 0.445946 0.044321 0.095823
0 0.246537 0.443489 0.044321 0.095823
0 0.445983 0.445946 0.044321 0.095823
0 0.206371 0.642506 0.044321 0.095823
0 0.246537 0.642506 0.044321 0.095823
0 0.288089 0.642506 0.044321 0.095823
0 0.518006 0.635135 0.044321 0.095823
0 0.556787 0.635135 0.044321 0.095823
1 0.372576 0.238329 0.027701 0.103194
1 0.414127 0.331695 0.027701 0.103194
1 0.329640 0.643735 0.027701 0.103194
1 0.362881 0.636364 0.027701 0.103194
1 0.419668 0.636364 0.027701 0.103194
1 0.634349 0.638821 0.027701 0.103194
