0 0.191640 0.296562 0.039432 0.100287
0 0.232650 0.293696 0.039432 0.100287
0 0.287855 0.290831 0.039432 0.100287
0 0.194795 0.402579 0.039432 0.100287
0 0.234227 0.402579 0.039432 0.100287
0 0.289432 0.396848 0.039432 0.100287
0 0.196372 0.511461 0.039432 0.100287
0 0.238959 0.508596 0.039432 0.106017
0 0.451893 0.491404 0.039432 0.100287
0 0.204259 0.726361 0.039432 0.100287
0 0.243691 0.723496 0.039432 0.100287
0 0.284700 0.723496 0.039432 0.100287
0 0.524448 0.691977 0.039432 0.100287
0 0.562303 0.689112 0.039432 0.100287
1 0.372240 0.280802 0.028391 0.108883
1 0.416404 0.383954 0.028391 0.108883
1 0.328076 0.722063 0.028391 0.108883
1 0.362776 0.713467 0.028391 0.108883
1 0.424290 0.704871 0.028391 0.108883
1 0.641956 0.681948 0.028391 0.108883
