0 0.191241 0.275342 0.043796 0.101370
0 0.230657 0.269863 0.043796 0.101370
0 0.194161 0.387671 0.043796 0.101370
0 0.236496 0.384932 0.043796 0.101370
0 0.242336 0.497260 0.043796 0.101370
0 0.198540 0.494521 0.043796 0.101370
0 0.205109 0.705479 0.042336 0.123288
0 0.242336 0.705479 0.043796 0.101370
0 0.288321 0.697260 0.042336 0.123288
0 0.523358 0.689041 0.042336 0.123288
0 0.562774 0.689041 0.042336 0.123288
0 0.448905 0.475342 0.042336 0.123288
0 0.288321 0.384932 0.045255 0.106849
0 0.282482 0.269863 0.045255 0.106849
1 0.369343 0.264384 0.029197 0.112329
1 0.410219 0.371233 0.029197 0.112329
1 0.328467 0.702740 0.029197 0.112329
1 0.364964 0.702740 0.029197 0.112329
1 0.424818 0.691781 0.029197 0.112329
1 0.643796 0.686301 0.029197 0.112329
