0 0.204009 0.249482 0.042453 0.093168
0 0.206368 0.346791 0.042453 0.093168
0 0.207547 0.444099 0.042453 0.093168
0 0.247642 0.446170 0.042453 0.093168
0 0.246462 0.350932 0.042453 0.093168
0 0.246462 0.251553 0.042453 0.093168
0 0.293632 0.251553 0.042453 0.093168
0 0.292453 0.350932 0.042453 0.093168
0 0.445755 0.452381 0.042453 0.093168
0 0.212264 0.642857 0.042453 0.093168
0 0.252358 0.642857 0.042453 0.093168
0 0.293632 0.644928 0.042453 0.093168
0 0.508255 0.651139 0.042453 0.093168
0 0.550708 0.651139 0.042453 0.093168
