0 0.172884 0.219965 0.038217 0.104240
0 0.211101 0.216431 0.038217 0.104240
0 0.264786 0.212898 0.038217 0.104240
0 0.172884 0.331272 0.038217 0.104240
0 0.212921 0.325972 0.038217 0.104240
0 0.262056 0.325972 0.038217 0.104240
0 0.175614 0.431979 0.038217 0.104240
0 0.210191 0.437279 0.038217 0.104240
0 0.412193 0.442580 0.038217 0.104240
0 0.176524 0.642226 0.038217 0.104240
0 0.207461 0.645760 0.038217 0.104240
0 0.247498 0.645760 0.038217 0.104240
0 0.464968 0.659894 0.038217 0.104240
0 0.505914 0.656360 0.038217 0.104240
1 0.342584 0.212014 0.022748 0.113074
1 0.287989 0.650177 0.022748 0.113074
1 0.322566 0.651943 0.022748 0.113074
1 0.378071 0.660777 0.022748 0.113074
1 0.591902 0.660777 0.022748 0.113074
1 0.378071 0.330389 0.022748 0.113074
