0 0.205575 0.273273 0.041812 0.102102
0 0.243902 0.267267 0.041812 0.102102
0 0.301394 0.267267 0.041812 0.102102
0 0.207317 0.378378 0.041812 0.102102
0 0.247387 0.378378 0.041812 0.102102
0 0.303136 0.369369 0.041812 0.102102
0 0.210801 0.480480 0.041812 0.102102
0 0.250871 0.480480 0.041812 0.102102
0 0.466899 0.468468 0.041812 0.102102
0 0.214286 0.690691 0.041812 0.102102
0 0.256098 0.687688 0.041812 0.102102
0 0.299652 0.687688 0.041812 0.102102
0 0.547038 0.666667 0.041812 0.102102
0 0.590592 0.666667 0.041812 0.102102
