0 0.198083 0.276685 0.041534 0.098315
0 0.238019 0.273876 0.041534 0.098315
0 0.281150 0.273876 0.041534 0.098315
0 0.281150 0.375000 0.041534 0.098315
0 0.239617 0.375000 0.041534 0.098315
0 0.198083 0.375000 0.041534 0.098315
0 0.198083 0.470506 0.041534 0.098315
0 0.239617 0.470506 0.041534 0.098315
0 0.434505 0.473315 0.041534 0.098315
0 0.201278 0.664326 0.041534 0.098315
0 0.239617 0.664326 0.041534 0.098315
0 0.277955 0.667135 0.041534 0.098315
0 0.504792 0.664326 0.041534 0.098315
0 0.543131 0.675562 0.041534 0.098315
1 0.361821 0.273876 0.030351 0.081461
1 0.400958 0.370787 0.022364 0.095506
1 0.317891 0.665730 0.022364 0.095506
1 0.351438 0.671348 0.022364 0.095506
1 0.408946 0.665730 0.022364 0.095506
1 0.621406 0.679775 0.022364 0.095506
