0 0.215071 0.280415 0.040816 0.097923
0 0.254317 0.280415 0.040816 0.097923
0 0.302983 0.277448 0.040816 0.097923
0 0.221350 0.390208 0.040816 0.097923
0 0.259027 0.387240 0.040816 0.097923
0 0.307692 0.384273 0.040816 0.097923
0 0.226060 0.494065 0.040816 0.097923
0 0.262166 0.494065 0.040816 0.097923
0 0.463108 0.470326 0.040816 0.097923
0 0.230769 0.704748 0.040816 0.097923
0 0.270016 0.704748 0.040816 0.097923
0 0.307692 0.698813 0.040816 0.097923
0 0.536892 0.666172 0.040816 0.097923
0 0.574568 0.666172 0.040816 0.097923
