0 0.206117 0.279412 0.039894 0.117647
0 0.242021 0.279412 0.039894 0.117647
0 0.293883 0.276961 0.039894 0.117647
0 0.208777 0.372549 0.039894 0.117647
0 0.250000 0.384804 0.039894 0.117647
0 0.299202 0.382353 0.039894 0.117647
0 0.208777 0.480392 0.039894 0.117647
0 0.250000 0.480392 0.039894 0.117647
0 0.215426 0.680147 0.039894 0.120098
0 0.252660 0.680147 0.039894 0.120098
0 0.295213 0.680147 0.039894 0.120098
0 0.518617 0.678922 0.039894 0.117647
0 0.561170 0.676471 0.039894 0.117647
1 0.378324 0.284314 0.022606 0.102941
1 0.416888 0.384804 0.022606 0.102941
1 0.334441 0.681373 0.022606 0.102941
1 0.370346 0.678922 0.022606 0.102941
1 0.426862 0.681373 0.029255 0.107843
1 0.636303 0.683824 0.022606 0.102941
