0 0.214850 0.277778 0.044234 0.093567
0 0.251185 0.274854 0.044234 0.093567
0 0.301738 0.271930 0.044234 0.093567
0 0.216430 0.377193 0.044234 0.093567
0 0.257504 0.374269 0.044234 0.093567
0 0.308057 0.374269 0.044234 0.093567
0 0.219589 0.485380 0.044234 0.093567
0 0.260664 0.482456 0.044234 0.093567
0 0.464455 0.456140 0.044234 0.093567
0 0.225908 0.687135 0.044234 0.093567
0 0.265403 0.690058 0.044234 0.093567
0 0.304897 0.678363 0.044234 0.093567
0 0.535545 0.652047 0.044234 0.093567
0 0.576619 0.649123 0.044234 0.093567
