0 0.207921 0.261905 0.042904 0.098039
0 0.244224 0.259104 0.042904 0.098039
0 0.293729 0.261905 0.042904 0.098039
0 0.206271 0.365546 0.042904 0.098039
0 0.249175 0.359944 0.042904 0.098039
0 0.297030 0.359944 0.042904 0.098039
0 0.207921 0.457983 0.042904 0.098039
0 0.254125 0.457983 0.042904 0.098039
0 0.452145 0.455182 0.042904 0.098039
0 0.207921 0.645658 0.042904 0.098039
0 0.249175 0.651261 0.042904 0.098039
0 0.290429 0.648459 0.042904 0.098039
0 0.524752 0.659664 0.042904 0.098039
0 0.559406 0.659664 0.042904 0.098039
1 0.375413 0.261905 0.021452 0.098039
1 0.418317 0.357143 0.021452 0.098039
1 0.330858 0.642857 0.021452 0.098039
1 0.368812 0.648459 0.021452 0.098039
1 0.424917 0.651261 0.021452 0.098039
1 0.644389 0.659664 0.021452 0.098039
