0 0.195804 0.285024 0.047552 0.091787
0 0.236364 0.287440 0.047552 0.091787
0 0.292308 0.285024 0.047552 0.091787
0 0.194406 0.388889 0.047552 0.091787
0 0.240559 0.388889 0.047552 0.091787
0 0.295105 0.388889 0.047552 0.091787
0 0.193007 0.495169 0.047552 0.091787
0 0.239161 0.492754 0.047552 0.091787
0 0.455944 0.492754 0.047552 0.091787
0 0.191608 0.695652 0.047552 0.091787
0 0.234965 0.698068 0.047552 0.091787
0 0.281119 0.698068 0.047552 0.091787
0 0.521678 0.700483 0.047552 0.091787
0 0.560839 0.698068 0.047552 0.091787
1 0.379021 0.285024 0.027972 0.091787
1 0.420979 0.391304 0.027972 0.091787
1 0.321678 0.698068 0.027972 0.091787
1 0.358042 0.698068 0.027972 0.091787
1 0.422378 0.693237 0.027972 0.091787
1 0.640559 0.695652 0.027972 0.091787
