0 0.196825 0.218696 0.048677 0.094340
0 0.238095 0.225557 0.048677 0.094340
0 0.289947 0.237564 0.048677 0.094340
0 0.188360 0.318182 0.048677 0.094340
0 0.237037 0.323328 0.048677 0.094340
0 0.288889 0.330189 0.048677 0.094340
0 0.187302 0.412521 0.048677 0.094340
0 0.233862 0.419383 0.048677 0.094340
0 0.185185 0.599485 0.048677 0.094340
0 0.228571 0.608062 0.048677 0.094340
0 0.274074 0.611492 0.048677 0.094340
0 0.503704 0.638937 0.048677 0.094340
0 0.540741 0.638937 0.048677 0.094340
0 0.453439 0.449400 0.041270 0.096055
