0 0.220635 0.298851 0.038095 0.097701
0 0.257143 0.298851 0.038095 0.097701
0 0.312698 0.295977 0.038095 0.097701
0 0.225397 0.402299 0.038095 0.097701
0 0.263492 0.402299 0.038095 0.097701
0 0.315873 0.396552 0.038095 0.097701
0 0.226984 0.502874 0.038095 0.097701
0 0.266667 0.502874 0.038095 0.097701
0 0.469841 0.488506 0.038095 0.097701
0 0.234921 0.709770 0.038095 0.097701
0 0.274603 0.709770 0.038095 0.097701
0 0.311111 0.704023 0.038095 0.097701
0 0.544444 0.683908 0.038095 0.097701
0 0.582540 0.686782 0.038095 0.097701
1 0.395238 0.290230 0.031746 0.103448
1 0.433333 0.390805 0.031746 0.103448
1 0.352381 0.695402 0.031746 0.103448
1 0.390476 0.695402 0.031746 0.103448
1 0.447619 0.692529 0.031746 0.103448
1 0.661905 0.678161 0.031746 0.103448
