0 0.213075 0.267152 0.041162 0.093555
0 0.248184 0.265073 0.041162 0.093555
0 0.295400 0.262994 0.041162 0.093555
0 0.213075 0.360707 0.041162 0.093555
0 0.249395 0.362786 0.041162 0.093555
0 0.301453 0.362786 0.041162 0.093555
0 0.215496 0.456341 0.041162 0.093555
0 0.255448 0.458420 0.041162 0.093555
0 0.450363 0.450104 0.041162 0.093555
0 0.221550 0.639293 0.041162 0.093555
0 0.260291 0.641372 0.041162 0.093555
0 0.300242 0.633056 0.041162 0.093555
0 0.516949 0.630977 0.041162 0.093555
0 0.558111 0.630977 0.041162 0.093555
1 0.375908 0.265073 0.027845 0.093555
1 0.420702 0.348233 0.027845 0.093555
1 0.340799 0.633056 0.027845 0.093555
1 0.373487 0.633056 0.027845 0.093555
1 0.429177 0.630977 0.027845 0.093555
1 0.636199 0.635135 0.027845 0.093555
