0 0.219055 0.262048 0.043974 0.096386
0 0.250000 0.262048 0.043974 0.096386
0 0.302117 0.259036 0.043974 0.096386
0 0.217427 0.361446 0.043974 0.096386
0 0.253257 0.364458 0.043974 0.096386
0 0.303746 0.367470 0.043974 0.096386
0 0.219055 0.469880 0.043974 0.096386
0 0.258143 0.472892 0.043974 0.096386
0 0.463355 0.475904 0.043974 0.096386
0 0.217427 0.677711 0.043974 0.096386
0 0.259772 0.680723 0.043974 0.096386
0 0.298860 0.677711 0.043974 0.096386
0 0.533388 0.680723 0.043974 0.096386
0 0.569218 0.683735 0.043974 0.096386
1 0.383550 0.259036 0.024430 0.108434
1 0.427524 0.358434 0.024430 0.108434
1 0.341205 0.665663 0.024430 0.108434
1 0.375407 0.677711 0.024430 0.108434
1 0.435668 0.677711 0.024430 0.108434
1 0.652280 0.683735 0.024430 0.108434
