0 0.193141 0.246894 0.039711 0.102484
0 0.231047 0.246894 0.039711 0.102484
0 0.194946 0.349379 0.039711 0.102484
0 0.189531 0.451863 0.039711 0.102484
0 0.232852 0.461180 0.039711 0.102484
0 0.236462 0.346273 0.039711 0.102484
0 0.287004 0.253106 0.039711 0.102484
0 0.285199 0.355590 0.039711 0.102484
0 0.191336 0.666149 0.039711 0.102484
0 0.232852 0.663043 0.039711 0.102484
0 0.270758 0.664596 0.043321 0.105590
0 0.445848 0.468944 0.043321 0.105590
0 0.512635 0.661491 0.043321 0.105590
0 0.555957 0.667702 0.043321 0.105590
1 0.373646 0.259317 0.025271 0.096273
1 0.413357 0.355590 0.025271 0.096273
1 0.315884 0.663043 0.025271 0.096273
1 0.355596 0.666149 0.025271 0.096273
1 0.413357 0.666149 0.025271 0.096273
1 0.633574 0.678571 0.025271 0.096273
