0 0.196479 0.250627 0.046479 0.100251
0 0.235915 0.250627 0.046479 0.100251
0 0.290845 0.245614 0.046479 0.100251
0 0.195070 0.345865 0.046479 0.100251
0 0.241549 0.350877 0.046479 0.100251
0 0.289437 0.360902 0.046479 0.100251
0 0.189437 0.463659 0.046479 0.100251
0 0.234507 0.461153 0.046479 0.100251
0 0.452817 0.463659 0.046479 0.100251
0 0.193662 0.671679 0.046479 0.100251
0 0.230282 0.676692 0.046479 0.100251
0 0.275352 0.671679 0.046479 0.100251
0 0.517606 0.671679 0.046479 0.100251
0 0.561268 0.674185 0.046479 0.100251
1 0.379577 0.249373 0.032394 0.102757
1 0.417606 0.352130 0.032394 0.102757
1 0.319014 0.672932 0.032394 0.102757
1 0.359859 0.672932 0.032394 0.102757
1 0.417606 0.672932 0.032394 0.102757
1 0.642254 0.671679 0.030986 0.110276
