0 0.218788 0.284823 0.040000 0.112266
0 0.260000 0.284823 0.040000 0.112266
0 0.310909 0.272349 0.040000 0.112266
0 0.221212 0.378378 0.040000 0.112266
0 0.262424 0.374220 0.040000 0.112266
0 0.310909 0.382536 0.040000 0.112266
0 0.223636 0.482328 0.040000 0.112266
0 0.264848 0.482328 0.040000 0.112266
0 0.472121 0.482328 0.040000 0.112266
0 0.226061 0.673597 0.040000 0.112266
0 0.268485 0.677755 0.040000 0.112266
0 0.307273 0.673597 0.040000 0.112266
0 0.533939 0.671518 0.040000 0.112266
0 0.575152 0.673597 0.040000 0.112266
1 0.393939 0.287942 0.029091 0.114345
1 0.434545 0.378378 0.032727 0.103950
1 0.348485 0.669439 0.032727 0.103950
1 0.382424 0.669439 0.032727 0.103950
1 0.443030 0.677755 0.032727 0.103950
1 0.651515 0.673597 0.032727 0.103950
