0 0.208696 0.272727 0.040580 0.106952
0 0.246377 0.272727 0.040580 0.106952
0 0.301449 0.272727 0.040580 0.106952
0 0.208696 0.377005 0.040580 0.106952
0 0.247826 0.379679 0.040580 0.106952
0 0.298551 0.379679 0.040580 0.106952
0 0.210145 0.483957 0.040580 0.106952
0 0.247826 0.483957 0.040580 0.106952
0 0.455072 0.486631 0.040580 0.106952
0 0.210145 0.689840 0.040580 0.106952
0 0.247826 0.689840 0.040580 0.106952
0 0.289855 0.695187 0.040580 0.106952
0 0.521739 0.692513 0.040580 0.106952
0 0.565217 0.692513 0.040580 0.106952
