0 0.190397 0.251497 0.043046 0.095808
0 0.231788 0.254491 0.043046 0.095808
0 0.286424 0.251497 0.043046 0.095808
0 0.188742 0.362275 0.043046 0.095808
0 0.235099 0.365269 0.043046 0.095808
0 0.288079 0.359281 0.043046 0.095808
0 0.188742 0.470060 0.043046 0.095808
0 0.235099 0.470060 0.043046 0.095808
0 0.453642 0.467066 0.043046 0.095808
0 0.192053 0.691617 0.043046 0.095808
0 0.235099 0.694611 0.043046 0.095808
0 0.279801 0.688623 0.043046 0.095808
0 0.524834 0.670659 0.043046 0.095808
0 0.562914 0.670659 0.043046 0.095808
1 0.372517 0.248503 0.033113 0.107784
1 0.417219 0.353293 0.033113 0.107784
1 0.321192 0.685629 0.033113 0.107784
1 0.360927 0.685629 0.033113 0.107784
1 0.422185 0.682635 0.033113 0.107784
1 0.645695 0.673653 0.033113 0.107784
