0 0.188650 0.296919 0.042945 0.106443
0 0.222393 0.299720 0.042945 0.106443
0 0.274540 0.291317 0.042945 0.106443
0 0.190184 0.403361 0.042945 0.106443
0 0.230061 0.400560 0.042945 0.106443
0 0.279141 0.389356 0.042945 0.106443
0 0.193252 0.498599 0.042945 0.106443
0 0.233129 0.501401 0.042945 0.106443
0 0.437117 0.484594 0.042945 0.106443
0 0.208589 0.705882 0.042945 0.106443
0 0.248466 0.700280 0.042945 0.106443
0 0.285276 0.697479 0.042945 0.106443
0 0.506135 0.677871 0.042945 0.106443
0 0.546012 0.677871 0.042945 0.106443
1 0.360429 0.284314 0.024540 0.086835
1 0.400307 0.379552 0.024540 0.086835
1 0.319785 0.698880 0.026074 0.109244
1 0.355061 0.693277 0.026074 0.109244
1 0.414110 0.687675 0.027607 0.092437
1 0.624233 0.673669 0.027607 0.092437
