0 0.189884 0.239458 0.044776 0.099398
0 0.228856 0.245482 0.039801 0.099398
0 0.276949 0.245482 0.039801 0.099398
0 0.192371 0.347892 0.039801 0.099398
0 0.228856 0.347892 0.039801 0.099398
0 0.278607 0.347892 0.039801 0.099398
0 0.194030 0.450301 0.039801 0.099398
0 0.233831 0.447289 0.039801 0.099398
0 0.436153 0.453313 0.039801 0.099398
0 0.199005 0.658133 0.039801 0.099398
0 0.235489 0.652108 0.039801 0.099398
0 0.271973 0.655120 0.039801 0.099398
0 0.510779 0.664157 0.039801 0.099398
0 0.547264 0.664157 0.039801 0.099398
1 0.358209 0.245482 0.026534 0.099398
1 0.398010 0.347892 0.026534 0.099398
1 0.315091 0.664157 0.026534 0.099398
1 0.351575 0.658133 0.026534 0.099398
1 0.407960 0.658133 0.026534 0.099398
1 0.628524 0.664157 0.026534 0.099398
