0 0.250411 0.262918 0.041051 0.100304
0 0.212644 0.262918 0.041051 0.100304
0 0.306240 0.262918 0.041051 0.100304
0 0.214286 0.372340 0.041051 0.100304
0 0.255337 0.369301 0.041051 0.100304
0 0.304598 0.369301 0.041051 0.100304
0 0.219212 0.487842 0.041051 0.100304
0 0.258621 0.484802 0.041051 0.100304
0 0.465517 0.472644 0.041051 0.100304
0 0.219212 0.691489 0.041051 0.100304
0 0.263547 0.694529 0.041051 0.100304
0 0.299672 0.691489 0.041051 0.100304
0 0.541051 0.682371 0.041051 0.100304
0 0.578818 0.685410 0.041051 0.100304
1 0.388342 0.259878 0.027915 0.112462
1 0.427750 0.351064 0.027915 0.112462
1 0.345649 0.682371 0.027915 0.112462
1 0.385057 0.688450 0.027915 0.112462
1 0.437603 0.682371 0.027915 0.112462
1 0.659278 0.682371 0.027915 0.112462
