0 0.206897 0.253582 0.041379 0.094556
0 0.243103 0.256447 0.041379 0.094556
0 0.296552 0.256447 0.041379 0.094556
0 0.203448 0.351003 0.041379 0.094556
0 0.246552 0.351003 0.041379 0.094556
0 0.294828 0.353868 0.041379 0.094556
0 0.205172 0.451289 0.041379 0.094556
0 0.241379 0.451289 0.041379 0.094556
0 0.450000 0.459885 0.041379 0.094556
0 0.203448 0.634670 0.041379 0.094556
0 0.241379 0.637536 0.041379 0.094556
0 0.281034 0.637536 0.041379 0.094556
0 0.515517 0.643266 0.041379 0.094556
0 0.553448 0.643266 0.041379 0.094556
1 0.380172 0.265043 0.029310 0.094556
1 0.418103 0.356734 0.029310 0.094556
1 0.326724 0.637536 0.029310 0.094556
1 0.359483 0.640401 0.029310 0.094556
1 0.416379 0.640401 0.029310 0.094556
1 0.630172 0.643266 0.029310 0.094556
