0 0.211300 0.294721 0.044892 0.102639
0 0.253096 0.291789 0.044892 0.102639
0 0.299536 0.291789 0.044892 0.102639
0 0.211300 0.403226 0.044892 0.102639
0 0.256192 0.403226 0.044892 0.102639
0 0.304180 0.397361 0.044892 0.102639
0 0.215944 0.511730 0.044892 0.102639
0 0.260836 0.511730 0.044892 0.102639
0 0.463622 0.494135 0.044892 0.102639
0 0.220588 0.725806 0.044892 0.102639
0 0.263932 0.725806 0.044892 0.102639
0 0.301084 0.719941 0.044892 0.102639
0 0.533282 0.705279 0.044892 0.102639
0 0.573529 0.705279 0.044892 0.102639
1 0.386223 0.285924 0.023220 0.096774
1 0.342105 0.718475 0.030960 0.117302
1 0.382353 0.721408 0.024768 0.111437
1 0.438854 0.708211 0.023220 0.096774
1 0.653251 0.683284 0.024768 0.111437
1 0.426471 0.381232 0.029412 0.105572
