0 0.207258 0.256983 0.037097 0.094972
0 0.245968 0.262570 0.037097 0.094972
0 0.292742 0.256983 0.037097 0.094972
0 0.210484 0.354749 0.037097 0.094972
0 0.245968 0.354749 0.037097 0.094972
0 0.295968 0.354749 0.037097 0.094972
0 0.210484 0.449721 0.037097 0.094972
0 0.249194 0.449721 0.037097 0.094972
0 0.445968 0.455307 0.037097 0.094972
0 0.212097 0.639665 0.037097 0.094972
0 0.249194 0.645251 0.037097 0.094972
0 0.286290 0.642458 0.037097 0.094972
0 0.516935 0.650838 0.037097 0.094972
0 0.554032 0.650838 0.037097 0.094972
1 0.375000 0.258380 0.030645 0.097765
1 0.412097 0.347765 0.030645 0.097765
1 0.320161 0.641061 0.030645 0.097765
1 0.363710 0.646648 0.030645 0.097765
1 0.420161 0.646648 0.030645 0.097765
1 0.631452 0.652235 0.030645 0.097765
