0 0.204397 0.266773 0.037459 0.105431
0 0.245114 0.266773 0.037459 0.105431
0 0.298860 0.257188 0.037459 0.105431
0 0.209283 0.381789 0.037459 0.105431
0 0.246743 0.381789 0.037459 0.105431
0 0.302117 0.375399 0.037459 0.105431
0 0.214169 0.496805 0.037459 0.105431
0 0.253257 0.493610 0.037459 0.105431
0 0.461726 0.480831 0.037459 0.105431
0 0.217427 0.723642 0.037459 0.105431
0 0.254886 0.723642 0.037459 0.105431
0 0.297231 0.720447 0.037459 0.105431
0 0.536645 0.694888 0.037459 0.105431
0 0.574104 0.694888 0.037459 0.105431
1 0.381922 0.255591 0.030945 0.108626
1 0.419381 0.370607 0.030945 0.108626
1 0.341205 0.715655 0.030945 0.108626
1 0.375407 0.712460 0.030945 0.108626
1 0.437296 0.709265 0.030945 0.108626
1 0.655537 0.686901 0.030945 0.108626
