0 0.213509 0.268493 0.041925 0.098630
0 0.253882 0.268493 0.041925 0.098630
0 0.303571 0.263014 0.041925 0.098630
0 0.213509 0.375342 0.041925 0.098630
0 0.256988 0.369863 0.041925 0.098630
0 0.303571 0.367123 0.041925 0.098630
0 0.213509 0.468493 0.041925 0.098630
0 0.257764 0.471233 0.046584 0.093151
0 0.461180 0.454795 0.046584 0.093151
0 0.218944 0.673973 0.046584 0.093151
0 0.260870 0.673973 0.046584 0.093151
0 0.301242 0.671233 0.046584 0.093151
0 0.532609 0.647945 0.037267 0.101370
0 0.566770 0.645205 0.037267 0.101370
