0 0.196759 0.284314 0.041667 0.103641
0 0.239969 0.284314 0.041667 0.103641
0 0.292438 0.284314 0.041667 0.103641
0 0.198302 0.390756 0.041667 0.103641
0 0.238426 0.390756 0.041667 0.103641
0 0.292438 0.385154 0.041667 0.103641
0 0.201389 0.500000 0.041667 0.103641
0 0.241512 0.497199 0.041667 0.103641
0 0.451389 0.485994 0.041667 0.103641
0 0.202932 0.712885 0.041667 0.103641
0 0.244599 0.707283 0.041667 0.103641
0 0.283179 0.704482 0.041667 0.103641
0 0.523920 0.682073 0.041667 0.103641
0 0.564043 0.682073 0.041667 0.103641
1 0.375772 0.274510 0.029321 0.100840
1 0.417438 0.380952 0.029321 0.100840
1 0.327932 0.700280 0.029321 0.100840
1 0.364969 0.697479 0.029321 0.100840
1 0.423611 0.691877 0.029321 0.100840
1 0.638117 0.675070 0.029321 0.100840
