0 0.204264 0.264411 0.039890 0.097744
0 0.241403 0.269424 0.039890 0.097744
0 0.293673 0.269424 0.039890 0.097744
0 0.205640 0.372180 0.039890 0.097744
0 0.244154 0.372180 0.039890 0.097744
0 0.293673 0.369674 0.039890 0.097744
0 0.204264 0.474937 0.039890 0.097744
0 0.245530 0.472431 0.039890 0.097744
0 0.444979 0.477444 0.039890 0.097744
0 0.207015 0.670426 0.039890 0.097744
0 0.244154 0.672932 0.039890 0.097744
0 0.284044 0.675439 0.039890 0.097744
0 0.513755 0.677945 0.039890 0.097744
0 0.555021 0.677945 0.039890 0.097744
1 0.372765 0.270677 0.024759 0.095238
1 0.414030 0.370927 0.024759 0.095238
1 0.325997 0.666667 0.024759 0.095238
1 0.364512 0.676692 0.024759 0.095238
1 0.414030 0.681704 0.024759 0.095238
1 0.631362 0.691729 0.024759 0.095238
