0 0.177989 0.239486 0.043478 0.095794
0 0.222826 0.239486 0.043478 0.095794
0 0.269022 0.239486 0.043478 0.095794
0 0.177989 0.332944 0.043478 0.095794
0 0.220109 0.339953 0.043478 0.095794
0 0.273098 0.339953 0.043478 0.095794
0 0.179348 0.438084 0.043478 0.095794
0 0.217391 0.435748 0.043478 0.095794
0 0.427989 0.442757 0.043478 0.095794
0 0.180707 0.629673 0.043478 0.095794
0 0.218750 0.634346 0.043478 0.095794
0 0.253397 0.635514 0.033967 0.088785
0 0.492527 0.635514 0.033967 0.088785
0 0.531929 0.642523 0.033967 0.088785
1 0.351902 0.248832 0.024457 0.095794
1 0.392663 0.337617 0.024457 0.095794
1 0.298913 0.632009 0.024457 0.095794
1 0.339674 0.639019 0.024457 0.095794
1 0.395380 0.639019 0.024457 0.095794
1 0.615489 0.636682 0.024457 0.095794
