0 0.188020 0.269350 0.043261 0.099071
0 0.229617 0.266254 0.043261 0.099071
0 0.282862 0.263158 0.043261 0.099071
0 0.191348 0.386997 0.043261 0.099071
0 0.229617 0.380805 0.043261 0.099071
0 0.286190 0.383901 0.043261 0.099071
0 0.191348 0.501548 0.043261 0.099071
0 0.231281 0.492260 0.043261 0.099071
0 0.447587 0.482972 0.043261 0.099071
0 0.196339 0.724458 0.043261 0.099071
0 0.239601 0.721362 0.043261 0.099071
0 0.277870 0.719814 0.039933 0.108359
0 0.525790 0.690402 0.043261 0.099071
0 0.562396 0.687307 0.043261 0.099071
