0 0.542314 0.673716 0.041451 0.096677
0 0.196891 0.290030 0.041451 0.096677
0 0.236615 0.283988 0.041451 0.096677
0 0.293610 0.277946 0.041451 0.096677
0 0.200345 0.392749 0.041451 0.096677
0 0.240069 0.386707 0.041451 0.096677
0 0.295337 0.383686 0.041451 0.096677
0 0.202073 0.498489 0.041451 0.096677
0 0.243523 0.495468 0.041451 0.096677
0 0.462867 0.471299 0.041451 0.096677
0 0.580311 0.670695 0.041451 0.096677
0 0.208981 0.709970 0.041451 0.096677
0 0.250432 0.706949 0.041451 0.096677
0 0.291883 0.700906 0.041451 0.096677
2 0.335924 0.276435 0.039724 0.093656
2 0.415371 0.267372 0.039724 0.093656
2 0.501727 0.364048 0.039724 0.093656
2 0.339378 0.382175 0.039724 0.093656
2 0.379102 0.376133 0.039724 0.093656
2 0.204663 0.605740 0.039724 0.093656
2 0.620898 0.666163 0.039724 0.093656
1 0.341105 0.697885 0.032815 0.108761
1 0.377375 0.688822 0.032815 0.108761
1 0.441278 0.685801 0.032815 0.108761
1 0.664076 0.661631 0.032815 0.108761
1 0.425734 0.371601 0.032815 0.108761
4 0.459413 0.265861 0.044905 0.096677
4 0.300518 0.592145 0.044905 0.096677
5 0.341105 0.481873 0.039724 0.093656
3 0.505181 0.471299 0.043178 0.096677
3 0.793610 0.646526 0.043178 0.096677
3 0.574266 0.244713 0.043178 0.096677
3 0.579447 0.344411 0.043178 0.096677
8 0.380829 0.483384 0.036269 0.096677
8 0.422280 0.480363 0.036269 0.096677
8 0.342832 0.595166 0.036269 0.096677
9 0.498273 0.258308 0.043178 0.099698
6 0.753022 0.655589 0.044905 0.096677
8 0.246114 0.601208 0.036269 0.096677
9 0.296200 0.487915 0.046632 0.105740
4 0.704663 0.660121 0.044905 0.111782
