0 0.219318 0.269084 0.036364 0.083969
0 0.255682 0.265267 0.036364 0.083969
0 0.302273 0.263359 0.036364 0.083969
0 0.219318 0.353053 0.036364 0.083969
0 0.255682 0.356870 0.036364 0.083969
0 0.304545 0.353053 0.036364 0.083969
0 0.218182 0.446565 0.036364 0.083969
0 0.256818 0.446565 0.036364 0.083969
0 0.450000 0.448473 0.036364 0.083969
0 0.226136 0.625954 0.036364 0.083969
0 0.260227 0.622137 0.036364 0.083969
0 0.294318 0.625954 0.036364 0.083969
0 0.513636 0.624046 0.036364 0.083969
0 0.550000 0.631679 0.036364 0.083969
