0 0.218009 0.267241 0.037915 0.097701
0 0.255924 0.270115 0.037915 0.097701
0 0.306477 0.267241 0.037915 0.097701
0 0.219589 0.364943 0.037915 0.097701
0 0.257504 0.367816 0.037915 0.097701
0 0.304897 0.367816 0.037915 0.097701
0 0.222749 0.468391 0.037915 0.097701
0 0.260664 0.468391 0.037915 0.097701
0 0.458136 0.462644 0.037915 0.097701
0 0.224329 0.669540 0.037915 0.097701
0 0.263823 0.672414 0.037915 0.097701
0 0.301738 0.672414 0.037915 0.097701
0 0.529226 0.663793 0.037915 0.097701
0 0.567141 0.663793 0.037915 0.097701
