0 0.196381 0.271689 0.044236 0.091324
0 0.241957 0.271689 0.044236 0.091324
0 0.287534 0.273973 0.044236 0.091324
0 0.196381 0.374429 0.044236 0.091324
0 0.240617 0.374429 0.044236 0.091324
0 0.196381 0.479452 0.044236 0.091324
0 0.287534 0.374429 0.044236 0.091324
0 0.236595 0.481735 0.044236 0.091324
0 0.445710 0.479452 0.044236 0.091324
0 0.192359 0.673516 0.044236 0.091324
0 0.236595 0.671233 0.044236 0.091324
0 0.279491 0.678082 0.044236 0.091324
0 0.510054 0.673516 0.044236 0.091324
0 0.552949 0.673516 0.044236 0.091324
1 0.370643 0.270548 0.033512 0.093607
1 0.409517 0.377854 0.033512 0.093607
1 0.319705 0.674658 0.033512 0.093607
1 0.353217 0.676941 0.033512 0.093607
1 0.416220 0.667808 0.033512 0.093607
1 0.633378 0.672374 0.033512 0.093607
