0 0.196970 0.261798 0.041322 0.092135
0 0.239669 0.261798 0.041322 0.092135
0 0.292011 0.259551 0.041322 0.092135
0 0.196970 0.353933 0.041322 0.092135
0 0.235537 0.358427 0.041322 0.092135
0 0.286501 0.358427 0.041322 0.092135
0 0.194215 0.448315 0.041322 0.092135
0 0.232782 0.452809 0.041322 0.092135
0 0.442149 0.459551 0.041322 0.092135
0 0.192837 0.637079 0.041322 0.092135
0 0.231405 0.634831 0.041322 0.092135
0 0.271350 0.641573 0.041322 0.092135
0 0.504132 0.655056 0.041322 0.092135
0 0.542700 0.657303 0.041322 0.092135
1 0.372590 0.268539 0.023416 0.083146
1 0.409780 0.358427 0.023416 0.083146
1 0.311983 0.643820 0.023416 0.083146
1 0.351928 0.641573 0.023416 0.083146
1 0.405647 0.650562 0.023416 0.083146
1 0.626033 0.659551 0.023416 0.083146
