0 0.203800 0.261329 0.037997 0.093656
0 0.241796 0.261329 0.037997 0.093656
0 0.207254 0.361027 0.037997 0.093656
0 0.245250 0.364048 0.037997 0.093656
0 0.295337 0.367069 0.037997 0.093656
0 0.295337 0.261329 0.037997 0.093656
0 0.208981 0.460725 0.037997 0.093656
0 0.248705 0.463746 0.037997 0.093656
0 0.452504 0.475831 0.037997 0.093656
0 0.205527 0.666163 0.037997 0.093656
0 0.243523 0.666163 0.037997 0.093656
0 0.281520 0.672205 0.037997 0.093656
0 0.514680 0.672205 0.037997 0.093656
0 0.554404 0.672205 0.037997 0.093656
1 0.379102 0.270393 0.032815 0.099698
1 0.415371 0.367069 0.032815 0.099698
1 0.327288 0.669184 0.032815 0.099698
1 0.363558 0.672205 0.032815 0.099698
1 0.422280 0.672205 0.032815 0.099698
1 0.636442 0.681269 0.032815 0.099698
