0 0.198770 0.273196 0.045082 0.108247
0 0.239754 0.275773 0.045082 0.108247
0 0.286202 0.273196 0.045082 0.108247
0 0.197404 0.376289 0.045082 0.108247
0 0.239754 0.378866 0.045082 0.108247
0 0.288934 0.381443 0.045082 0.108247
0 0.203552 0.484536 0.040984 0.108247
0 0.237705 0.479381 0.040984 0.108247
0 0.441257 0.479381 0.040984 0.108247
0 0.206284 0.695876 0.040984 0.108247
0 0.240437 0.693299 0.040984 0.108247
0 0.281421 0.695876 0.040984 0.108247
0 0.508197 0.690722 0.040984 0.108247
0 0.547814 0.690722 0.040984 0.108247
1 0.367486 0.274485 0.027322 0.105670
1 0.407104 0.377577 0.027322 0.105670
1 0.322404 0.697165 0.027322 0.105670
1 0.359290 0.694588 0.027322 0.105670
1 0.415301 0.697165 0.027322 0.105670
1 0.632514 0.692010 0.027322 0.105670
