0 0.228700 0.293510 0.041854 0.103245
0 0.270553 0.290560 0.041854 0.103245
0 0.319880 0.281711 0.041854 0.103245
0 0.228700 0.402655 0.041854 0.103245
0 0.270553 0.399705 0.041854 0.103245
0 0.322870 0.399705 0.041854 0.103245
0 0.233184 0.517699 0.041854 0.103245
0 0.275037 0.511799 0.041854 0.103245
0 0.479821 0.491150 0.041854 0.103245
0 0.237668 0.738938 0.041854 0.103245
0 0.278027 0.735988 0.041854 0.103245
0 0.318386 0.730088 0.041854 0.103245
0 0.550075 0.703540 0.041854 0.103245
0 0.585949 0.697640 0.041854 0.103245
