0 0.209363 0.260135 0.039012 0.092342
0 0.245774 0.262387 0.039012 0.092342
0 0.297789 0.264640 0.039012 0.092342
0 0.209363 0.356982 0.039012 0.092342
0 0.247074 0.356982 0.039012 0.092342
0 0.297789 0.363739 0.039012 0.092342
0 0.208062 0.456081 0.039012 0.092342
0 0.248375 0.456081 0.039012 0.092342
0 0.448635 0.458333 0.039012 0.092342
0 0.206762 0.647523 0.039012 0.092342
0 0.245774 0.645270 0.039012 0.092342
0 0.284785 0.645270 0.039012 0.092342
0 0.512354 0.647523 0.039012 0.092342
0 0.553966 0.645270 0.039012 0.092342
