0 0.203576 0.238043 0.044017 0.080435
0 0.244842 0.244565 0.044017 0.080435
0 0.291609 0.251087 0.044017 0.080435
0 0.195323 0.325000 0.044017 0.080435
0 0.237964 0.331522 0.044017 0.080435
0 0.286107 0.338043 0.044017 0.080435
0 0.189821 0.409783 0.044017 0.080435
0 0.231087 0.416304 0.044017 0.080435
0 0.182944 0.581522 0.044017 0.080435
0 0.218707 0.581522 0.044017 0.080435
0 0.258597 0.585870 0.044017 0.080435
0 0.470426 0.631522 0.044017 0.080435
0 0.508941 0.629348 0.044017 0.080435
0 0.427785 0.448913 0.044017 0.080435
1 0.370014 0.272826 0.022008 0.084783
1 0.401651 0.355435 0.022008 0.084783
1 0.295736 0.592391 0.022008 0.084783
1 0.330124 0.605435 0.022008 0.084783
1 0.386520 0.614130 0.022008 0.084783
1 0.590096 0.651087 0.022008 0.084783
