0 0.202736 0.272727 0.039801 0.095238
0 0.245025 0.274892 0.039801 0.095238
0 0.294776 0.272727 0.039801 0.095238
0 0.205224 0.372294 0.039801 0.095238
0 0.245025 0.370130 0.039801 0.095238
0 0.294776 0.380952 0.039801 0.095238
0 0.206468 0.476190 0.039801 0.095238
0 0.246269 0.476190 0.039801 0.095238
0 0.450249 0.482684 0.039801 0.095238
0 0.211443 0.673160 0.039801 0.095238
0 0.247512 0.675325 0.039801 0.095238
0 0.286070 0.675325 0.039801 0.095238
0 0.518657 0.679654 0.039801 0.095238
0 0.560945 0.679654 0.039801 0.095238
1 0.377488 0.268398 0.023632 0.099567
1 0.417289 0.376623 0.023632 0.099567
1 0.328980 0.670996 0.023632 0.099567
1 0.365050 0.670996 0.023632 0.099567
1 0.423507 0.675325 0.023632 0.099567
1 0.642413 0.683983 0.023632 0.099567
