0 0.196970 0.258658 0.037576 0.093074
0 0.235758 0.258658 0.037576 0.093074
0 0.287879 0.256494 0.037576 0.093074
0 0.199394 0.362554 0.037576 0.093074
0 0.238182 0.360390 0.037576 0.093074
0 0.287879 0.358225 0.037576 0.093074
0 0.203030 0.457792 0.037576 0.093074
0 0.240606 0.459957 0.037576 0.093074
0 0.439394 0.459957 0.037576 0.093074
0 0.205455 0.648268 0.037576 0.093074
0 0.243030 0.650433 0.037576 0.093074
0 0.280606 0.650433 0.037576 0.093074
0 0.508485 0.656926 0.037576 0.093074
0 0.544848 0.656926 0.037576 0.093074
1 0.366061 0.252165 0.029091 0.084416
1 0.405455 0.361472 0.027879 0.095238
1 0.318182 0.647186 0.027879 0.095238
1 0.352121 0.651515 0.027879 0.095238
1 0.411515 0.647186 0.027879 0.095238
1 0.622424 0.662338 0.027879 0.095238
