0 0.200847 0.252994 0.038983 0.104790
0 0.236441 0.255988 0.038983 0.104790
0 0.290678 0.252994 0.038983 0.104790
0 0.204237 0.354790 0.038983 0.104790
0 0.243220 0.360778 0.038983 0.104790
0 0.292373 0.360778 0.038983 0.104790
0 0.200847 0.465569 0.038983 0.104790
0 0.241525 0.465569 0.038983 0.104790
0 0.451695 0.465569 0.038983 0.104790
0 0.205932 0.666168 0.038983 0.104790
0 0.243220 0.669162 0.038983 0.104790
0 0.283898 0.669162 0.038983 0.104790
0 0.522881 0.675150 0.038983 0.104790
0 0.561864 0.678144 0.038983 0.104790
