0 0.191417 0.256522 0.039510 0.082609
0 0.228202 0.254348 0.039510 0.082609
0 0.188692 0.334783 0.039510 0.082609
0 0.229564 0.347826 0.039510 0.082609
0 0.278610 0.347826 0.039510 0.082609
0 0.282698 0.250000 0.039510 0.082609
0 0.188692 0.434783 0.039510 0.082609
0 0.228202 0.432609 0.039510 0.082609
0 0.431199 0.445652 0.039510 0.082609
0 0.187330 0.608696 0.039510 0.082609
0 0.226839 0.615217 0.039510 0.082609
0 0.267711 0.617391 0.039510 0.082609
0 0.499319 0.636957 0.039510 0.082609
0 0.540191 0.636957 0.039510 0.082609
1 0.364441 0.259783 0.025886 0.097826
1 0.401226 0.344565 0.025886 0.097826
1 0.305858 0.625000 0.025886 0.097826
1 0.341281 0.629348 0.025886 0.097826
1 0.401226 0.627174 0.025886 0.097826
1 0.626022 0.648913 0.025886 0.097826
