0 0.195699 0.239739 0.043011 0.091418
0 0.234409 0.234142 0.043011 0.091418
0 0.283871 0.241604 0.043011 0.091418
0 0.192473 0.331157 0.043011 0.091418
0 0.235484 0.334888 0.043011 0.091418
0 0.283871 0.334888 0.043011 0.091418
0 0.195699 0.431903 0.043011 0.091418
0 0.239785 0.430037 0.043011 0.091418
0 0.435484 0.439366 0.043011 0.091418
0 0.203226 0.620336 0.043011 0.091418
0 0.239785 0.618470 0.043011 0.091418
0 0.281720 0.622201 0.043011 0.091418
0 0.502151 0.635261 0.043011 0.091418
0 0.543011 0.640858 0.043011 0.091418
1 0.361828 0.240672 0.029032 0.085821
1 0.401613 0.339552 0.029032 0.085821
1 0.324194 0.628731 0.029032 0.085821
1 0.356452 0.630597 0.029032 0.085821
1 0.410753 0.632463 0.025806 0.089552
1 0.617204 0.641791 0.025806 0.089552
