0 0.213841 0.286364 0.041991 0.106061
0 0.249611 0.283333 0.041991 0.106061
0 0.302488 0.283333 0.041991 0.106061
0 0.215397 0.398485 0.041991 0.106061
0 0.258942 0.398485 0.041991 0.106061
0 0.304044 0.398485 0.041991 0.106061
0 0.216952 0.510606 0.041991 0.106061
0 0.260498 0.510606 0.041991 0.106061
0 0.456454 0.498485 0.041991 0.106061
0 0.222395 0.724242 0.040435 0.103030
0 0.261275 0.727273 0.040435 0.103030
0 0.295490 0.721212 0.040435 0.103030
0 0.528771 0.703030 0.040435 0.103030
0 0.567652 0.690909 0.040435 0.103030
1 0.380249 0.274242 0.029549 0.093939
1 0.423795 0.386364 0.029549 0.093939
1 0.341369 0.710606 0.029549 0.093939
1 0.374028 0.710606 0.029549 0.093939
1 0.431571 0.701515 0.029549 0.093939
1 0.643079 0.683333 0.029549 0.093939
