0 0.207879 0.263485 0.040000 0.091286
0 0.246667 0.267635 0.040000 0.091286
0 0.295152 0.267635 0.040000 0.091286
0 0.209091 0.358921 0.040000 0.091286
0 0.250303 0.360996 0.040000 0.091286
0 0.295152 0.363071 0.040000 0.091286
0 0.213939 0.456432 0.040000 0.091286
0 0.251515 0.458506 0.040000 0.091286
0 0.445455 0.468880 0.040000 0.091286
0 0.213939 0.645228 0.040000 0.091286
0 0.250303 0.645228 0.040000 0.091286
0 0.290303 0.651452 0.040000 0.091286
0 0.510909 0.657676 0.040000 0.091286
0 0.550909 0.655602 0.040000 0.091286
1 0.370909 0.265560 0.029091 0.091286
1 0.410909 0.354772 0.029091 0.091286
1 0.332121 0.647303 0.029091 0.091286
1 0.364848 0.649378 0.029091 0.091286
1 0.425455 0.653527 0.038788 0.103734
1 0.630303 0.655602 0.038788 0.103734
