0 0.209244 0.266667 0.045378 0.094444
0 0.242857 0.266667 0.045378 0.094444
0 0.298319 0.266667 0.045378 0.094444
0 0.209244 0.358333 0.045378 0.094444
0 0.249580 0.358333 0.045378 0.094444
0 0.298319 0.363889 0.045378 0.094444
0 0.207563 0.458333 0.045378 0.094444
0 0.252941 0.461111 0.045378 0.094444
0 0.457983 0.461111 0.045378 0.094444
0 0.212605 0.647222 0.045378 0.094444
0 0.254622 0.647222 0.045378 0.094444
0 0.293277 0.658333 0.045378 0.094444
0 0.526891 0.655556 0.045378 0.094444
0 0.568908 0.658333 0.045378 0.094444
1 0.383193 0.265278 0.030252 0.086111
1 0.423529 0.365278 0.030252 0.086111
1 0.332773 0.659722 0.030252 0.086111
1 0.366387 0.659722 0.030252 0.086111
1 0.425210 0.654167 0.030252 0.086111
1 0.653782 0.662500 0.030252 0.086111
