0 0.207215 0.297546 0.041946 0.098160
0 0.252517 0.300613 0.038591 0.104294
0 0.301174 0.297546 0.038591 0.104294
0 0.208893 0.404908 0.038591 0.104294
0 0.249161 0.407975 0.038591 0.104294
0 0.301174 0.407975 0.038591 0.104294
0 0.210570 0.515337 0.038591 0.104294
0 0.249161 0.521472 0.038591 0.104294
0 0.208893 0.736196 0.038591 0.104294
0 0.249161 0.736196 0.038591 0.104294
0 0.287752 0.733129 0.038591 0.104294
0 0.532718 0.720859 0.038591 0.104294
0 0.571309 0.720859 0.038591 0.104294
0 0.458893 0.509202 0.038591 0.104294
