0 0.186067 0.261329 0.044092 0.099698
0 0.224868 0.261329 0.044092 0.099698
0 0.283069 0.264350 0.044092 0.099698
0 0.186067 0.364048 0.044092 0.099698
0 0.228395 0.364048 0.044092 0.099698
0 0.277778 0.367069 0.044092 0.099698
0 0.184303 0.466767 0.044092 0.099698
0 0.226631 0.469789 0.044092 0.099698
0 0.443563 0.475831 0.044092 0.099698
0 0.186067 0.666163 0.044092 0.099698
0 0.226631 0.672205 0.044092 0.099698
0 0.267196 0.669184 0.044092 0.099698
0 0.510582 0.681269 0.044092 0.099698
0 0.552910 0.681269 0.044092 0.099698
1 0.369489 0.265861 0.026455 0.108761
1 0.408289 0.362538 0.026455 0.108761
1 0.313051 0.667674 0.026455 0.108761
1 0.350088 0.673716 0.026455 0.108761
1 0.413580 0.679758 0.026455 0.108761
1 0.634039 0.679758 0.026455 0.108761
