0 0.223077 0.319261 0.040000 0.094987
0 0.266154 0.319261 0.040000 0.094987
0 0.318462 0.316623 0.040000 0.094987
0 0.221538 0.422164 0.040000 0.094987
0 0.263077 0.424802 0.040000 0.094987
0 0.315385 0.422164 0.040000 0.094987
0 0.218462 0.522427 0.040000 0.094987
0 0.261538 0.522427 0.040000 0.094987
0 0.476923 0.514512 0.040000 0.094987
0 0.220000 0.725594 0.040000 0.094987
0 0.260000 0.722955 0.040000 0.094987
0 0.303077 0.722955 0.040000 0.094987
0 0.543077 0.707124 0.040000 0.094987
0 0.580000 0.707124 0.040000 0.094987
1 0.404615 0.320580 0.027692 0.097625
1 0.441538 0.415567 0.027692 0.097625
1 0.343077 0.718997 0.027692 0.097625
1 0.383077 0.713720 0.027692 0.097625
1 0.441538 0.716359 0.027692 0.097625
1 0.652308 0.705805 0.027692 0.097625
