0 0.185386 0.254525 0.040595 0.083710
0 0.224628 0.259050 0.040595 0.083710
0 0.184032 0.354072 0.040595 0.083710
0 0.223275 0.351810 0.040595 0.083710
0 0.274019 0.260181 0.039242 0.095023
0 0.272666 0.355204 0.039242 0.095023
0 0.182003 0.447964 0.039242 0.095023
0 0.222598 0.450226 0.039242 0.095023
0 0.422869 0.466063 0.039242 0.095023
0 0.180650 0.633484 0.039242 0.095023
0 0.215832 0.638009 0.039242 0.095023
0 0.255074 0.642534 0.039242 0.095023
0 0.486468 0.660633 0.039242 0.095023
0 0.527064 0.667421 0.039242 0.095023
1 0.353180 0.270362 0.029770 0.097285
1 0.392422 0.365385 0.029770 0.097285
1 0.296346 0.643665 0.029770 0.097285
1 0.331529 0.650452 0.029770 0.097285
1 0.392422 0.650452 0.029770 0.097285
1 0.611637 0.670814 0.029770 0.097285
