0 0.204152 0.247024 0.038062 0.101190
0 0.243945 0.247024 0.038062 0.101190
0 0.295848 0.250000 0.038062 0.101190
0 0.205882 0.348214 0.038062 0.101190
0 0.243945 0.351190 0.038062 0.101190
0 0.297578 0.345238 0.038062 0.101190
0 0.211073 0.443452 0.038062 0.101190
0 0.249135 0.443452 0.038062 0.101190
0 0.453287 0.452381 0.038062 0.101190
0 0.211073 0.642857 0.038062 0.101190
0 0.245675 0.639881 0.038062 0.101190
0 0.287197 0.645833 0.038062 0.101190
0 0.513841 0.648810 0.038062 0.101190
0 0.551903 0.651786 0.038062 0.101190
1 0.378028 0.250000 0.025952 0.083333
1 0.414360 0.351190 0.025952 0.083333
1 0.326125 0.639881 0.025952 0.083333
1 0.364187 0.639881 0.025952 0.083333
1 0.417820 0.639881 0.025952 0.083333
1 0.630623 0.648810 0.025952 0.083333
