0 0.197400 0.251931 0.040189 0.090734
0 0.196217 0.350386 0.040189 0.090734
0 0.198582 0.441120 0.040189 0.090734
0 0.199764 0.612934 0.040189 0.090734
0 0.275414 0.609073 0.040189 0.090734
0 0.236407 0.609073 0.040189 0.090734
0 0.500000 0.611004 0.040189 0.090734
0 0.535461 0.614865 0.040189 0.090734
0 0.282506 0.255792 0.040189 0.090734
0 0.235225 0.344595 0.040189 0.090734
0 0.237589 0.437259 0.040189 0.090734
0 0.284870 0.344595 0.040189 0.090734
0 0.431442 0.431467 0.040189 0.090734
1 0.359338 0.252896 0.026005 0.092664
1 0.398345 0.341699 0.026005 0.092664
1 0.312057 0.610039 0.026005 0.092664
1 0.348700 0.613900 0.026005 0.092664
1 0.404255 0.610039 0.026005 0.092664
1 0.618203 0.610039 0.026005 0.092664
