0 0.204475 0.293696 0.038580 0.100287
0 0.244599 0.293696 0.038580 0.100287
0 0.298611 0.296562 0.038580 0.100287
0 0.204475 0.402579 0.038580 0.100287
0 0.243056 0.405444 0.038580 0.100287
0 0.297068 0.399713 0.038580 0.100287
0 0.204475 0.511461 0.038580 0.100287
0 0.246142 0.511461 0.038580 0.100287
0 0.456019 0.500000 0.038580 0.100287
0 0.204475 0.729226 0.038580 0.100287
0 0.246142 0.729226 0.038580 0.100287
0 0.283179 0.729226 0.038580 0.100287
0 0.520833 0.712034 0.038580 0.100287
0 0.562500 0.703438 0.038580 0.100287
1 0.385031 0.287966 0.026235 0.100287
1 0.422068 0.393983 0.026235 0.100287
1 0.329475 0.723496 0.026235 0.100287
1 0.366512 0.723496 0.026235 0.100287
1 0.428241 0.720630 0.026235 0.100287
1 0.639660 0.703438 0.026235 0.100287
