0 0.210912 0.264350 0.037459 0.105740
0 0.250000 0.264350 0.037459 0.105740
0 0.302117 0.261329 0.037459 0.105740
0 0.215798 0.367069 0.037459 0.105740
0 0.253257 0.370091 0.037459 0.105740
0 0.303746 0.370091 0.037459 0.105740
0 0.217427 0.475831 0.037459 0.105740
0 0.256515 0.472810 0.037459 0.105740
0 0.461726 0.463746 0.037459 0.105740
0 0.223941 0.690332 0.037459 0.105740
0 0.259772 0.684290 0.037459 0.105740
0 0.300489 0.687311 0.037459 0.105740
0 0.535016 0.669184 0.037459 0.105740
1 0.383550 0.255287 0.027687 0.111782
1 0.425896 0.351964 0.027687 0.111782
1 0.339577 0.682779 0.030945 0.096677
1 0.378664 0.682779 0.030945 0.096677
1 0.438925 0.676737 0.030945 0.096677
1 0.650651 0.667674 0.030945 0.096677
