0 0.209163 0.258294 0.041169 0.104265
0 0.246348 0.258294 0.041169 0.104265
0 0.295485 0.258294 0.041169 0.104265
0 0.210491 0.355450 0.041169 0.104265
0 0.246348 0.353081 0.041169 0.104265
0 0.292829 0.355450 0.041169 0.104265
0 0.207835 0.454976 0.041169 0.104265
0 0.246348 0.452607 0.041169 0.104265
0 0.442895 0.454976 0.041169 0.104265
0 0.206507 0.644550 0.041169 0.104265
0 0.247676 0.649289 0.041169 0.104265
0 0.287517 0.649289 0.041169 0.104265
0 0.507968 0.649289 0.041169 0.104265
0 0.547809 0.646919 0.041169 0.104265
1 0.371846 0.260664 0.023904 0.099526
1 0.409031 0.348341 0.023904 0.099526
1 0.324037 0.639810 0.023904 0.099526
1 0.359894 0.646919 0.023904 0.099526
1 0.413015 0.644550 0.023904 0.099526
1 0.622842 0.646919 0.023904 0.099526
