0 0.213612 0.279476 0.039084 0.087336
0 0.252695 0.279476 0.039084 0.087336
0 0.303908 0.279476 0.039084 0.087336
0 0.210916 0.371179 0.039084 0.087336
0 0.252695 0.373362 0.039084 0.087336
0 0.303908 0.373362 0.039084 0.087336
0 0.212264 0.462882 0.039084 0.087336
0 0.248652 0.467249 0.039084 0.087336
0 0.457547 0.467249 0.039084 0.087336
0 0.212264 0.650655 0.039084 0.087336
0 0.251348 0.650655 0.039084 0.087336
0 0.289084 0.652838 0.039084 0.087336
0 0.523585 0.648472 0.039084 0.087336
0 0.561321 0.652838 0.039084 0.087336
