0 0.216334 0.260613 0.046135 0.101415
0 0.256234 0.262972 0.046135 0.101415
0 0.308603 0.255896 0.046135 0.101415
0 0.218828 0.366745 0.046135 0.101415
0 0.261222 0.369104 0.046135 0.101415
0 0.309850 0.366745 0.046135 0.101415
0 0.216334 0.477594 0.046135 0.101415
0 0.260599 0.470519 0.037406 0.096698
0 0.470075 0.470519 0.037406 0.096698
0 0.226933 0.689858 0.037406 0.096698
0 0.265586 0.687500 0.037406 0.096698
0 0.305486 0.689858 0.037406 0.096698
0 0.539900 0.681604 0.042394 0.113208
0 0.577307 0.676887 0.042394 0.113208
