0 0.181736 0.263245 0.045208 0.102649
0 0.226944 0.263245 0.045208 0.102649
0 0.275769 0.266556 0.045208 0.102649
0 0.181736 0.369205 0.045208 0.102649
0 0.225136 0.375828 0.045208 0.102649
0 0.279385 0.379139 0.045208 0.102649
0 0.179928 0.488411 0.045208 0.102649
0 0.225136 0.485099 0.045208 0.102649
0 0.179928 0.693709 0.045208 0.102649
0 0.223327 0.697020 0.045208 0.102649
0 0.263110 0.703642 0.045208 0.102649
0 0.501808 0.710265 0.045208 0.102649
0 0.541591 0.710265 0.045208 0.102649
0 0.436709 0.495033 0.045208 0.102649
1 0.363472 0.269868 0.028933 0.102649
1 0.403255 0.375828 0.028933 0.102649
1 0.309222 0.700331 0.028933 0.102649
1 0.343580 0.703642 0.028933 0.102649
1 0.405063 0.703642 0.028933 0.102649
1 0.629295 0.710265 0.028933 0.102649
