0 0.202614 0.292011 0.045752 0.093664
0 0.241830 0.292011 0.045752 0.093664
0 0.290850 0.286501 0.045752 0.093664
0 0.205882 0.382920 0.045752 0.093664
0 0.243464 0.385675 0.045752 0.093664
0 0.292484 0.382920 0.045752 0.093664
0 0.204248 0.487603 0.045752 0.093664
0 0.245098 0.484848 0.045752 0.093664
0 0.452614 0.479339 0.045752 0.093664
0 0.199346 0.680441 0.045752 0.093664
0 0.245098 0.677686 0.045752 0.093664
0 0.285948 0.677686 0.045752 0.093664
0 0.519608 0.672176 0.045752 0.093664
0 0.562092 0.674931 0.045752 0.093664
1 0.379902 0.290634 0.027778 0.101928
1 0.417484 0.378788 0.027778 0.101928
1 0.325980 0.673554 0.027778 0.101928
1 0.363562 0.673554 0.027778 0.101928
1 0.422386 0.673554 0.027778 0.101928
1 0.641340 0.665289 0.027778 0.101928
