0 0.213405 0.251397 0.041602 0.094972
0 0.255008 0.248603 0.041602 0.094972
0 0.304314 0.245810 0.041602 0.094972
0 0.216487 0.354749 0.041602 0.094972
0 0.256549 0.354749 0.041602 0.094972
0 0.308937 0.354749 0.041602 0.094972
0 0.470724 0.449721 0.041602 0.094972
0 0.219569 0.460894 0.041602 0.094972
0 0.259630 0.463687 0.041602 0.094972
0 0.224191 0.667598 0.041602 0.094972
0 0.264253 0.667598 0.041602 0.094972
0 0.302773 0.667598 0.041602 0.094972
0 0.544684 0.653631 0.041602 0.094972
0 0.584746 0.653631 0.041602 0.094972
1 0.393683 0.243017 0.032357 0.100559
1 0.433744 0.349162 0.032357 0.100559
1 0.352080 0.662011 0.032357 0.100559
1 0.390601 0.662011 0.032357 0.100559
1 0.450693 0.659218 0.032357 0.100559
1 0.666410 0.645251 0.032357 0.100559
2 0.348228 0.245810 0.043143 0.094972
2 0.425270 0.243017 0.043143 0.094972
2 0.508475 0.346369 0.043143 0.094972
2 0.350539 0.354749 0.044684 0.094972
2 0.389060 0.354749 0.044684 0.094972
2 0.221109 0.569832 0.044684 0.094972
2 0.512327 0.448324 0.038521 0.097765
4 0.469183 0.241620 0.041602 0.103352
4 0.315100 0.557263 0.041602 0.103352
8 0.356703 0.557263 0.041602 0.108939
4 0.700308 0.643855 0.041602 0.103352
6 0.751156 0.643855 0.044684 0.114525
2 0.791988 0.643855 0.040062 0.097765
8 0.430663 0.456704 0.041602 0.108939
8 0.392142 0.451117 0.041602 0.108939
2 0.625578 0.650838 0.043143 0.094972
9 0.312789 0.458101 0.043143 0.100559
9 0.505393 0.238827 0.043143 0.103352
