0 0.196474 0.295100 0.040302 0.095768
0 0.236776 0.292873 0.040302 0.095768
0 0.284635 0.297327 0.040302 0.095768
0 0.197733 0.393096 0.040302 0.095768
0 0.238035 0.397550 0.040302 0.095768
0 0.285894 0.390869 0.040302 0.095768
0 0.198992 0.493318 0.040302 0.095768
0 0.239295 0.484410 0.040302 0.095768
0 0.198992 0.675947 0.040302 0.095768
0 0.241814 0.680401 0.040302 0.095768
0 0.280856 0.687082 0.040302 0.095768
0 0.438287 0.488864 0.040302 0.095768
0 0.505038 0.682628 0.040302 0.095768
0 0.545340 0.682628 0.040302 0.095768
1 0.366499 0.296214 0.025189 0.093541
1 0.405542 0.387528 0.025189 0.093541
1 0.321159 0.688196 0.025189 0.093541
1 0.355164 0.688196 0.025189 0.093541
1 0.411839 0.685969 0.025189 0.093541
1 0.620907 0.679287 0.025189 0.093541
