0 0.222667 0.277262 0.040000 0.095128
0 0.260000 0.277262 0.040000 0.095128
0 0.309333 0.279582 0.040000 0.095128
0 0.222667 0.374710 0.040000 0.095128
0 0.260000 0.377030 0.040000 0.095128
0 0.310667 0.377030 0.040000 0.095128
0 0.224000 0.467517 0.040000 0.095128
0 0.265333 0.469838 0.040000 0.095128
0 0.461333 0.472158 0.040000 0.095128
0 0.226667 0.653132 0.040000 0.095128
0 0.264000 0.657773 0.040000 0.095128
0 0.301333 0.664733 0.040000 0.095128
0 0.525333 0.662413 0.040000 0.095128
0 0.566667 0.664733 0.040000 0.095128
