0 0.209402 0.293103 0.035897 0.091954
0 0.245299 0.295977 0.035897 0.091954
0 0.296581 0.295977 0.035897 0.091954
0 0.207692 0.387931 0.035897 0.091954
0 0.245299 0.393678 0.035897 0.091954
0 0.296581 0.390805 0.035897 0.091954
0 0.207692 0.477011 0.035897 0.091954
0 0.247009 0.488506 0.035897 0.091954
0 0.443590 0.491379 0.035897 0.091954
0 0.207692 0.666667 0.035897 0.091954
0 0.245299 0.669540 0.035897 0.091954
0 0.282906 0.672414 0.035897 0.091954
0 0.510256 0.681034 0.035897 0.091954
0 0.544444 0.686782 0.035897 0.091954
1 0.376923 0.303161 0.032479 0.100575
1 0.411111 0.395115 0.032479 0.100575
1 0.322222 0.679598 0.032479 0.100575
1 0.356410 0.682471 0.032479 0.100575
1 0.412821 0.682471 0.032479 0.100575
1 0.617949 0.691092 0.032479 0.100575
