0 0.201923 0.248737 0.046703 0.093434
0 0.244505 0.251263 0.046703 0.093434
0 0.298077 0.253788 0.046703 0.093434
0 0.201923 0.362374 0.046703 0.093434
0 0.243132 0.359848 0.046703 0.093434
0 0.298077 0.357323 0.046703 0.093434
0 0.203297 0.473485 0.046703 0.093434
0 0.244505 0.473485 0.046703 0.093434
0 0.456044 0.478535 0.046703 0.093434
0 0.196429 0.695707 0.046703 0.093434
0 0.241758 0.690657 0.046703 0.093434
0 0.284341 0.688131 0.046703 0.093434
0 0.521978 0.688131 0.046703 0.093434
0 0.568681 0.683081 0.046703 0.093434
1 0.383929 0.253788 0.031593 0.108586
1 0.422390 0.359848 0.031593 0.108586
1 0.326236 0.690657 0.031593 0.108586
1 0.361951 0.685606 0.031593 0.108586
1 0.422390 0.691919 0.026099 0.111111
1 0.644918 0.681818 0.026099 0.111111
