0 0.198718 0.272206 0.041667 0.097421
0 0.232372 0.263610 0.041667 0.097421
0 0.283654 0.263610 0.041667 0.097421
0 0.201923 0.366762 0.041667 0.097421
0 0.241987 0.363897 0.041667 0.097421
0 0.288462 0.369628 0.041667 0.097421
0 0.201923 0.467049 0.041667 0.097421
0 0.240385 0.467049 0.041667 0.097421
0 0.437500 0.467049 0.041667 0.097421
0 0.206731 0.667622 0.041667 0.097421
0 0.238782 0.664756 0.041667 0.097421
0 0.275641 0.670487 0.041667 0.097421
0 0.509615 0.667622 0.041667 0.097421
0 0.544872 0.673352 0.041667 0.097421
1 0.364583 0.272206 0.024038 0.097421
1 0.403045 0.366762 0.024038 0.097421
1 0.319712 0.670487 0.024038 0.097421
1 0.354968 0.667622 0.024038 0.097421
1 0.411058 0.667622 0.024038 0.097421
1 0.624199 0.673352 0.024038 0.097421
