0 0.178519 0.259036 0.037037 0.093976
0 0.217037 0.261446 0.037037 0.093976
0 0.267407 0.261446 0.037037 0.093976
0 0.178519 0.353012 0.037037 0.093976
0 0.217037 0.355422 0.037037 0.093976
0 0.268889 0.357831 0.037037 0.093976
0 0.180000 0.446988 0.037037 0.093976
0 0.218519 0.454217 0.037037 0.093976
0 0.424444 0.463855 0.037037 0.093976
0 0.177037 0.642169 0.037037 0.093976
0 0.214074 0.642169 0.037037 0.093976
0 0.252593 0.642169 0.037037 0.093976
0 0.494074 0.654217 0.037037 0.093976
0 0.534074 0.663855 0.037037 0.093976
1 0.352593 0.266265 0.029630 0.089157
1 0.391111 0.362651 0.029630 0.089157
1 0.297778 0.642169 0.029630 0.089157
1 0.330370 0.644578 0.029630 0.089157
1 0.391111 0.649398 0.029630 0.089157
1 0.616296 0.663855 0.029630 0.089157
