0 0.218995 0.261765 0.042386 0.094118
0 0.250392 0.261765 0.042386 0.094118
0 0.305338 0.258824 0.042386 0.094118
0 0.215856 0.364706 0.042386 0.094118
0 0.256672 0.361765 0.042386 0.094118
0 0.305338 0.367647 0.042386 0.094118
0 0.217425 0.464706 0.042386 0.094118
0 0.253532 0.464706 0.042386 0.094118
0 0.451334 0.470588 0.042386 0.094118
0 0.220565 0.670588 0.042386 0.094118
0 0.256672 0.670588 0.042386 0.094118
0 0.292779 0.670588 0.042386 0.094118
0 0.518838 0.670588 0.042386 0.094118
0 0.554945 0.670588 0.042386 0.094118
