0 0.224806 0.269318 0.038760 0.093182
0 0.259690 0.269318 0.038760 0.093182
0 0.310078 0.271591 0.038760 0.093182
0 0.223514 0.355682 0.038760 0.093182
0 0.262274 0.360227 0.038760 0.093182
0 0.306202 0.357955 0.038760 0.093182
0 0.220930 0.453409 0.038760 0.093182
0 0.262274 0.455682 0.038760 0.093182
0 0.448320 0.471591 0.038760 0.093182
0 0.220930 0.639773 0.038760 0.093182
0 0.254522 0.637500 0.038760 0.093182
0 0.291990 0.644318 0.038760 0.093182
0 0.515504 0.662500 0.038760 0.093182
0 0.551680 0.669318 0.038760 0.093182
1 0.384367 0.273864 0.024548 0.102273
1 0.421835 0.362500 0.024548 0.102273
1 0.333979 0.646591 0.024548 0.102273
1 0.370155 0.653409 0.024548 0.102273
1 0.423127 0.662500 0.024548 0.102273
1 0.627261 0.673864 0.024548 0.102273
