0 0.202232 0.246287 0.044630 0.101485
0 0.238494 0.248762 0.044630 0.101485
0 0.291492 0.253713 0.044630 0.101485
0 0.199442 0.347772 0.044630 0.101485
0 0.238494 0.352723 0.044630 0.101485
0 0.291492 0.355198 0.044630 0.101485
0 0.199442 0.454208 0.044630 0.101485
0 0.238494 0.451733 0.044630 0.101485
0 0.442120 0.451733 0.044630 0.101485
0 0.198047 0.647277 0.044630 0.101485
0 0.238494 0.649752 0.044630 0.101485
0 0.276151 0.649752 0.044630 0.101485
0 0.509066 0.657178 0.044630 0.101485
0 0.545328 0.654703 0.044630 0.101485
1 0.373780 0.254950 0.025105 0.094059
1 0.412831 0.353960 0.025105 0.094059
1 0.630404 0.653465 0.025105 0.094059
1 0.322176 0.649752 0.027894 0.111386
1 0.355649 0.647277 0.027894 0.111386
1 0.415621 0.647277 0.027894 0.111386
