0 0.206977 0.247934 0.044961 0.099174
0 0.245736 0.245179 0.044961 0.099174
0 0.208527 0.349862 0.044961 0.099174
0 0.247287 0.349862 0.044961 0.099174
0 0.303101 0.341598 0.044961 0.099174
0 0.301550 0.242424 0.044961 0.099174
0 0.210078 0.457300 0.044961 0.099174
0 0.250388 0.454545 0.044961 0.099174
0 0.462791 0.432507 0.044961 0.099174
0 0.211628 0.661157 0.044961 0.099174
0 0.253488 0.661157 0.044961 0.099174
0 0.295349 0.661157 0.044961 0.099174
0 0.538760 0.628099 0.044961 0.099174
0 0.572868 0.628099 0.044961 0.099174
