0 0.216895 0.266491 0.038052 0.094987
0 0.253425 0.263852 0.038052 0.094987
0 0.300609 0.258575 0.038052 0.094987
0 0.216895 0.356201 0.038052 0.094987
0 0.253425 0.356201 0.038052 0.094987
0 0.305175 0.356201 0.038052 0.094987
0 0.218417 0.453826 0.038052 0.094987
0 0.254947 0.456464 0.038052 0.094987
0 0.449772 0.453826 0.038052 0.094987
0 0.219939 0.641161 0.038052 0.094987
0 0.261035 0.641161 0.038052 0.094987
0 0.296043 0.641161 0.038052 0.094987
0 0.519787 0.643799 0.038052 0.094987
0 0.556317 0.638522 0.038052 0.094987
