0 0.202514 0.249373 0.041899 0.107769
0 0.244413 0.251880 0.041899 0.107769
0 0.297486 0.246867 0.041899 0.107769
0 0.202514 0.354637 0.041899 0.107769
0 0.240223 0.354637 0.041899 0.107769
0 0.298883 0.354637 0.041899 0.107769
0 0.199721 0.462406 0.041899 0.107769
0 0.245810 0.464912 0.041899 0.107769
0 0.453911 0.464912 0.041899 0.107769
0 0.199721 0.670426 0.041899 0.107769
0 0.243017 0.672932 0.041899 0.107769
0 0.283520 0.672932 0.041899 0.107769
0 0.525838 0.675439 0.040503 0.107769
0 0.563547 0.675439 0.040503 0.107769
