0 0.216794 0.288793 0.039695 0.106322
0 0.254962 0.294540 0.039695 0.106322
0 0.303817 0.291667 0.039695 0.106322
0 0.216794 0.397989 0.039695 0.106322
0 0.254962 0.395115 0.039695 0.106322
0 0.306870 0.389368 0.039695 0.106322
0 0.218321 0.501437 0.039695 0.106322
0 0.258015 0.495690 0.039695 0.106322
0 0.454962 0.489943 0.039695 0.106322
0 0.227481 0.693966 0.039695 0.106322
0 0.264122 0.705460 0.039695 0.106322
0 0.303817 0.702586 0.039695 0.106322
0 0.528244 0.679598 0.039695 0.106322
0 0.561832 0.679598 0.039695 0.106322
