0 0.189580 0.248130 0.034732 0.087282
0 0.225760 0.250623 0.034732 0.087282
0 0.274964 0.250623 0.034732 0.087282
0 0.188133 0.345387 0.034732 0.087282
0 0.224313 0.340399 0.034732 0.087282
0 0.274964 0.347880 0.034732 0.087282
0 0.188133 0.437656 0.034732 0.087282
0 0.227207 0.442643 0.034732 0.087282
0 0.425470 0.452618 0.034732 0.087282
0 0.189580 0.627182 0.034732 0.087282
0 0.225760 0.632170 0.034732 0.087282
0 0.261939 0.634663 0.034732 0.087282
0 0.490593 0.647132 0.034732 0.087282
0 0.528220 0.652120 0.034732 0.087282
1 0.356006 0.256858 0.020260 0.094763
1 0.395080 0.354115 0.020260 0.094763
1 0.303907 0.628429 0.020260 0.094763
1 0.340087 0.635910 0.020260 0.094763
1 0.396527 0.640898 0.020260 0.094763
1 0.610709 0.653367 0.020260 0.094763
