0 0.200142 0.269133 0.038462 0.089286
0 0.240028 0.261480 0.038462 0.089286
0 0.292735 0.261480 0.038462 0.089286
0 0.202991 0.371173 0.038462 0.089286
0 0.241453 0.371173 0.038462 0.089286
0 0.295584 0.368622 0.038462 0.089286
0 0.202991 0.475765 0.038462 0.089286
0 0.244302 0.473214 0.038462 0.089286
0 0.452279 0.463010 0.038462 0.089286
0 0.211538 0.679847 0.038462 0.089286
0 0.250000 0.679847 0.038462 0.089286
0 0.288462 0.679847 0.038462 0.089286
0 0.526353 0.659439 0.038462 0.089286
0 0.564815 0.659439 0.038462 0.089286
1 0.373932 0.255102 0.021368 0.102041
1 0.413818 0.346939 0.021368 0.102041
1 0.331197 0.670918 0.021368 0.102041
1 0.369658 0.668367 0.021368 0.102041
1 0.425214 0.663265 0.021368 0.102041
1 0.643162 0.650510 0.021368 0.102041
