0 0.201939 0.279240 0.042003 0.090643
0 0.235864 0.276316 0.042003 0.090643
0 0.284330 0.276316 0.042003 0.090643
0 0.200323 0.378655 0.042003 0.090643
0 0.239095 0.378655 0.042003 0.090643
0 0.287561 0.378655 0.042003 0.090643
0 0.203554 0.478070 0.042003 0.090643
0 0.239095 0.478070 0.042003 0.090643
0 0.437803 0.472222 0.042003 0.090643
0 0.206785 0.671053 0.042003 0.090643
0 0.239095 0.671053 0.042003 0.090643
0 0.281099 0.673977 0.042003 0.090643
0 0.510501 0.682749 0.042003 0.090643
0 0.544426 0.679825 0.042003 0.090643
1 0.363489 0.277778 0.029079 0.105263
1 0.405493 0.371345 0.029079 0.105263
1 0.323102 0.675439 0.029079 0.105263
1 0.355412 0.678363 0.029079 0.105263
1 0.413570 0.678363 0.029079 0.105263
1 0.626817 0.687135 0.029079 0.105263
