0 0.198042 0.237772 0.040663 0.100543
0 0.235693 0.243207 0.040663 0.100543
0 0.291416 0.237772 0.040663 0.100543
0 0.196536 0.341033 0.040663 0.100543
0 0.238705 0.343750 0.040663 0.100543
0 0.288404 0.346467 0.040663 0.100543
0 0.198042 0.444293 0.040663 0.100543
0 0.234187 0.452446 0.040663 0.100543
0 0.448042 0.452446 0.040663 0.100543
0 0.196536 0.648098 0.040663 0.100543
0 0.240211 0.661685 0.040663 0.100543
0 0.279367 0.661685 0.040663 0.100543
0 0.515813 0.672554 0.040663 0.100543
0 0.553464 0.672554 0.040663 0.100543
