0 0.206161 0.290055 0.042654 0.099448
0 0.248815 0.290055 0.042654 0.099448
0 0.300948 0.284530 0.042654 0.099448
0 0.204581 0.397790 0.042654 0.099448
0 0.247235 0.397790 0.042654 0.099448
0 0.302528 0.395028 0.042654 0.099448
0 0.206161 0.500000 0.042654 0.099448
0 0.247235 0.500000 0.042654 0.099448
0 0.462085 0.494475 0.042654 0.099448
0 0.204581 0.712707 0.042654 0.099448
0 0.242496 0.712707 0.042654 0.099448
0 0.286730 0.715470 0.042654 0.099448
0 0.531596 0.696133 0.042654 0.099448
0 0.571090 0.690608 0.042654 0.099448
