0 0.212644 0.265130 0.041051 0.092219
0 0.252053 0.262248 0.041051 0.092219
0 0.301314 0.259366 0.041051 0.092219
0 0.212644 0.365994 0.041051 0.092219
0 0.255337 0.365994 0.041051 0.092219
0 0.302956 0.368876 0.041051 0.092219
0 0.215928 0.461095 0.041051 0.092219
0 0.253695 0.463977 0.041051 0.092219
0 0.457307 0.469741 0.041051 0.092219
0 0.220854 0.659942 0.041051 0.092219
0 0.260263 0.662824 0.041051 0.092219
0 0.291461 0.662824 0.041051 0.092219
0 0.529557 0.668588 0.041051 0.092219
0 0.564039 0.674352 0.041051 0.092219
1 0.383415 0.257925 0.024631 0.100865
1 0.424466 0.355908 0.024631 0.100865
1 0.337438 0.661383 0.024631 0.100865
1 0.375205 0.667147 0.024631 0.100865
1 0.431034 0.667147 0.024631 0.100865
1 0.651067 0.672911 0.024631 0.100865
