0 0.191946 0.287671 0.040268 0.095890
0 0.230872 0.287671 0.040268 0.095890
0 0.285906 0.285388 0.040268 0.095890
0 0.191946 0.383562 0.040268 0.095890
0 0.233557 0.390411 0.040268 0.095890
0 0.287248 0.388128 0.040268 0.095890
0 0.191946 0.488584 0.040268 0.095890
0 0.229530 0.488584 0.040268 0.095890
0 0.442953 0.495434 0.040268 0.095890
0 0.191946 0.682648 0.040268 0.095890
0 0.232215 0.684932 0.040268 0.095890
0 0.275168 0.680365 0.040268 0.095890
0 0.510067 0.680365 0.040268 0.095890
0 0.551678 0.682648 0.040268 0.095890
1 0.371141 0.286530 0.025503 0.098174
1 0.313423 0.681507 0.025503 0.098174
1 0.408725 0.382420 0.025503 0.098174
1 0.352349 0.683790 0.025503 0.098174
1 0.415436 0.688356 0.025503 0.098174
1 0.630201 0.679224 0.025503 0.098174
