0 0.205739 0.227027 0.043774 0.115315
0 0.244650 0.228829 0.043774 0.115315
0 0.211576 0.336937 0.043774 0.115315
0 0.249514 0.342342 0.043774 0.115315
0 0.295233 0.216216 0.043774 0.115315
0 0.297179 0.333333 0.043774 0.115315
0 0.214494 0.427027 0.043774 0.115315
0 0.444066 0.437838 0.043774 0.115315
0 0.258268 0.432432 0.043774 0.115315
0 0.217412 0.636036 0.043774 0.115315
0 0.253405 0.637838 0.043774 0.115315
0 0.515564 0.639640 0.036965 0.104505
0 0.293774 0.636036 0.036965 0.104505
0 0.559339 0.645045 0.036965 0.104505
