0 0.193390 0.242574 0.040788 0.103960
0 0.228551 0.242574 0.040788 0.103960
0 0.283404 0.245050 0.040788 0.103960
0 0.194796 0.341584 0.040788 0.103960
0 0.231364 0.344059 0.040788 0.103960
0 0.281997 0.351485 0.040788 0.103960
0 0.194796 0.445545 0.040788 0.103960
0 0.236990 0.445545 0.040788 0.103960
0 0.440928 0.448020 0.040788 0.103960
0 0.196203 0.643564 0.040788 0.103960
0 0.231364 0.646040 0.040788 0.103960
0 0.270745 0.648515 0.040788 0.103960
0 0.511252 0.653465 0.040788 0.103960
0 0.550633 0.648515 0.040788 0.103960
1 0.363572 0.243812 0.029536 0.086634
1 0.402954 0.350248 0.029536 0.086634
1 0.315049 0.649752 0.030942 0.101485
1 0.351617 0.654703 0.030942 0.101485
1 0.412096 0.652228 0.030942 0.101485
1 0.624473 0.647277 0.030942 0.101485
