0 0.191901 0.248626 0.042254 0.090659
0 0.235915 0.254121 0.042254 0.090659
0 0.286972 0.248626 0.042254 0.090659
0 0.193662 0.344780 0.042254 0.090659
0 0.234155 0.344780 0.042254 0.090659
0 0.283451 0.344780 0.042254 0.090659
0 0.191901 0.438187 0.042254 0.090659
0 0.234155 0.438187 0.042254 0.090659
0 0.443662 0.438187 0.042254 0.090659
0 0.191901 0.616758 0.042254 0.090659
0 0.232394 0.611264 0.042254 0.090659
0 0.272887 0.616758 0.042254 0.090659
0 0.514085 0.619505 0.042254 0.090659
0 0.552817 0.622253 0.042254 0.090659
1 0.371479 0.254121 0.028169 0.107143
1 0.410211 0.339286 0.028169 0.107143
1 0.313380 0.614011 0.028169 0.107143
1 0.353873 0.616758 0.028169 0.107143
1 0.415493 0.623626 0.028169 0.098901
1 0.628521 0.626374 0.028169 0.098901
