0 0.199145 0.241987 0.039316 0.105769
0 0.236752 0.238782 0.039316 0.105769
0 0.288034 0.235577 0.039316 0.105769
0 0.202564 0.350962 0.039316 0.105769
0 0.239316 0.349359 0.047863 0.102564
0 0.289744 0.350962 0.039316 0.105769
0 0.202564 0.459936 0.039316 0.105769
0 0.241880 0.459936 0.039316 0.105769
0 0.450427 0.459936 0.039316 0.105769
0 0.207692 0.677885 0.039316 0.105769
0 0.288034 0.677885 0.039316 0.105769
0 0.247009 0.677885 0.039316 0.105769
0 0.523932 0.684295 0.039316 0.105769
0 0.563248 0.684295 0.039316 0.105769
