0 0.197124 0.281690 0.042301 0.090141
0 0.237733 0.278873 0.042301 0.090141
0 0.285110 0.276056 0.042301 0.090141
0 0.197124 0.374648 0.042301 0.090141
0 0.237733 0.371831 0.042301 0.090141
0 0.286802 0.374648 0.042301 0.090141
0 0.197124 0.464789 0.042301 0.090141
0 0.242809 0.470423 0.042301 0.090141
0 0.447547 0.470423 0.042301 0.090141
0 0.203892 0.661972 0.042301 0.090141
0 0.242809 0.659155 0.042301 0.090141
0 0.283418 0.664789 0.042301 0.090141
0 0.520305 0.667606 0.042301 0.090141
0 0.562606 0.667606 0.042301 0.090141
1 0.373096 0.278873 0.032149 0.095775
1 0.413706 0.369014 0.032149 0.095775
1 0.329103 0.659155 0.032149 0.095775
1 0.364636 0.664789 0.032149 0.095775
1 0.430626 0.673239 0.032149 0.095775
1 0.647208 0.667606 0.032149 0.095775
