0 0.226322 0.268235 0.036900 0.103529
0 0.261993 0.272941 0.036900 0.103529
0 0.308733 0.270588 0.036900 0.103529
0 0.231242 0.371765 0.036900 0.103529
0 0.264453 0.371765 0.036900 0.103529
0 0.311193 0.371765 0.036900 0.103529
0 0.453875 0.472941 0.036900 0.103529
0 0.231242 0.472941 0.036900 0.103529
0 0.265683 0.472941 0.036900 0.103529
0 0.238622 0.672941 0.036900 0.103529
0 0.270603 0.668235 0.036900 0.103529
0 0.306273 0.663529 0.036900 0.103529
0 0.519065 0.661176 0.036900 0.103529
0 0.552276 0.661176 0.036900 0.103529
