0 0.214410 0.275964 0.039931 0.106825
0 0.254340 0.278932 0.039931 0.106825
0 0.306424 0.284866 0.039931 0.106825
0 0.217882 0.376855 0.039931 0.106825
0 0.252604 0.376855 0.039931 0.106825
0 0.304688 0.376855 0.039931 0.106825
0 0.217882 0.477745 0.039931 0.106825
0 0.254340 0.480712 0.039931 0.106825
0 0.459201 0.474777 0.039931 0.106825
0 0.216146 0.673591 0.039931 0.106825
0 0.257812 0.667656 0.039931 0.106825
0 0.296007 0.673591 0.039931 0.106825
0 0.530382 0.676558 0.039931 0.106825
0 0.565104 0.676558 0.039931 0.106825
1 0.388889 0.274481 0.024306 0.097923
1 0.428819 0.372404 0.024306 0.097923
1 0.335069 0.669139 0.024306 0.097923
1 0.378472 0.672107 0.024306 0.097923
1 0.432292 0.669139 0.024306 0.097923
1 0.647569 0.672107 0.024306 0.097923
