0 0.211509 0.282086 0.043546 0.104278
0 0.255054 0.284759 0.043546 0.104278
0 0.306376 0.284759 0.043546 0.104278
0 0.208398 0.383690 0.043546 0.104278
0 0.251944 0.386364 0.043546 0.104278
0 0.306376 0.381016 0.043546 0.104278
0 0.213064 0.479947 0.043546 0.104278
0 0.256610 0.485294 0.043546 0.104278
0 0.466563 0.471925 0.043546 0.104278
0 0.211509 0.688503 0.043546 0.104278
0 0.251944 0.688503 0.043546 0.104278
0 0.298600 0.685829 0.043546 0.104278
0 0.534992 0.669786 0.043546 0.104278
0 0.576983 0.661765 0.043546 0.104278
1 0.391913 0.276738 0.024883 0.098930
1 0.433904 0.367647 0.024883 0.098930
1 0.337481 0.685829 0.024883 0.098930
1 0.376361 0.675134 0.024883 0.098930
1 0.438569 0.675134 0.024883 0.098930
1 0.653188 0.659091 0.024883 0.098930
