0 0.198972 0.263768 0.039648 0.110145
0 0.237151 0.263768 0.039648 0.110145
0 0.288546 0.255072 0.039648 0.110145
0 0.241557 0.371014 0.039648 0.110145
0 0.200441 0.379710 0.039648 0.110145
0 0.292952 0.368116 0.039648 0.110145
0 0.204846 0.486957 0.039648 0.110145
0 0.244493 0.486957 0.039648 0.110145
0 0.454479 0.475362 0.039648 0.110145
0 0.210720 0.713043 0.039648 0.110145
0 0.250367 0.704348 0.039648 0.110145
0 0.287078 0.707246 0.039648 0.110145
0 0.527900 0.684058 0.039648 0.110145
0 0.563142 0.689855 0.039648 0.110145
1 0.374449 0.249275 0.032305 0.110145
1 0.412628 0.353623 0.032305 0.110145
1 0.331865 0.704348 0.032305 0.110145
1 0.367107 0.704348 0.032305 0.110145
1 0.428781 0.695652 0.032305 0.110145
1 0.644640 0.684058 0.032305 0.110145
