0 0.209316 0.251641 0.038915 0.100656
0 0.247052 0.249453 0.038915 0.100656
0 0.291863 0.249453 0.038915 0.100656
0 0.209316 0.347921 0.038915 0.100656
0 0.247052 0.347921 0.038915 0.100656
0 0.295401 0.352298 0.038915 0.100656
0 0.210495 0.450766 0.038915 0.100656
0 0.250590 0.452954 0.038915 0.100656
0 0.445165 0.444201 0.038915 0.100656
0 0.211675 0.652079 0.038915 0.100656
0 0.252948 0.652079 0.038915 0.100656
0 0.288325 0.652079 0.038915 0.100656
0 0.508844 0.641138 0.038915 0.100656
0 0.548939 0.642232 0.038915 0.111597
1 0.370873 0.240700 0.024764 0.096280
1 0.413325 0.345733 0.024764 0.096280
1 0.331958 0.653173 0.024764 0.102845
1 0.367335 0.644420 0.024764 0.102845
1 0.422759 0.640044 0.024764 0.102845
1 0.625590 0.635667 0.024764 0.102845
