0 0.179567 0.254717 0.037152 0.099730
0 0.221362 0.260108 0.037152 0.099730
0 0.182663 0.357143 0.037152 0.099730
0 0.221362 0.359838 0.037152 0.099730
0 0.272446 0.262803 0.037152 0.099730
0 0.273994 0.357143 0.037152 0.099730
0 0.179567 0.462264 0.037152 0.099730
0 0.219814 0.464960 0.037152 0.099730
0 0.431889 0.475741 0.037152 0.099730
0 0.181115 0.667116 0.037152 0.099730
0 0.218266 0.669811 0.037152 0.099730
0 0.256966 0.677898 0.037152 0.099730
0 0.501548 0.688679 0.037152 0.099730
0 0.541796 0.696765 0.037152 0.099730
