0 0.209726 0.301170 0.039514 0.105263
0 0.250760 0.298246 0.039514 0.105263
0 0.302432 0.295322 0.039514 0.105263
0 0.209726 0.412281 0.039514 0.105263
0 0.249240 0.412281 0.039514 0.105263
0 0.300912 0.412281 0.039514 0.105263
0 0.208207 0.529240 0.039514 0.105263
0 0.250760 0.520468 0.039514 0.105263
0 0.458967 0.511696 0.039514 0.105263
0 0.211246 0.745614 0.039514 0.105263
0 0.250760 0.745614 0.039514 0.105263
0 0.288754 0.745614 0.039514 0.105263
0 0.527356 0.725146 0.039514 0.105263
0 0.563830 0.719298 0.039514 0.105263
1 0.386018 0.293860 0.024316 0.102339
1 0.425532 0.396199 0.024316 0.102339
1 0.337386 0.732456 0.024316 0.102339
1 0.370821 0.732456 0.024316 0.102339
1 0.428571 0.726608 0.024316 0.102339
1 0.641337 0.706140 0.024316 0.102339
