0 0.186063 0.255319 0.044540 0.089835
0 0.283764 0.255319 0.044540 0.089835
0 0.232040 0.257683 0.044540 0.089835
0 0.188937 0.354610 0.044540 0.089835
0 0.227730 0.354610 0.044540 0.089835
0 0.282328 0.354610 0.044540 0.089835
0 0.187500 0.449173 0.044540 0.089835
0 0.232040 0.453901 0.044540 0.089835
0 0.440374 0.451537 0.044540 0.089835
0 0.190374 0.643026 0.044540 0.089835
0 0.230603 0.638298 0.044540 0.089835
0 0.275144 0.640662 0.044540 0.089835
0 0.510776 0.640662 0.044540 0.089835
0 0.553879 0.645390 0.044540 0.089835
1 0.366379 0.254137 0.025862 0.096927
1 0.405172 0.353428 0.025862 0.096927
1 0.316092 0.641844 0.025862 0.096927
1 0.350575 0.641844 0.025862 0.096927
1 0.413793 0.646572 0.025862 0.096927
1 0.633621 0.651300 0.025862 0.096927
