0 0.203390 0.251918 0.040678 0.079284
0 0.240678 0.251918 0.040678 0.079284
0 0.201695 0.336317 0.040678 0.079284
0 0.238983 0.338875 0.040678 0.079284
0 0.289831 0.338875 0.040678 0.079284
0 0.205085 0.423274 0.040678 0.079284
0 0.240678 0.425831 0.040678 0.079284
0 0.203390 0.592072 0.040678 0.079284
0 0.442373 0.433504 0.040678 0.079284
0 0.503390 0.599744 0.040678 0.079284
0 0.542373 0.602302 0.040678 0.079284
0 0.244068 0.592072 0.040678 0.079284
0 0.277966 0.592072 0.040678 0.079284
0 0.293220 0.257033 0.040678 0.079284
