0 0.190054 0.275184 0.042234 0.098280
0 0.230926 0.275184 0.042234 0.098280
0 0.281335 0.280098 0.042234 0.098280
0 0.191417 0.378378 0.042234 0.098280
0 0.232289 0.378378 0.042234 0.098280
0 0.284060 0.378378 0.042234 0.098280
0 0.191417 0.481572 0.042234 0.098280
0 0.233651 0.484029 0.042234 0.098280
0 0.440736 0.484029 0.042234 0.098280
0 0.192779 0.695332 0.042234 0.098280
0 0.236376 0.692875 0.042234 0.098280
0 0.278610 0.685504 0.042234 0.098280
0 0.511580 0.687961 0.042234 0.098280
0 0.552452 0.685504 0.042234 0.098280
