0 0.191150 0.338462 0.049558 0.098462
0 0.233628 0.332308 0.049558 0.098462
0 0.283186 0.320000 0.049558 0.098462
0 0.200000 0.430769 0.049558 0.098462
0 0.237168 0.427692 0.049558 0.098462
0 0.292035 0.415385 0.049558 0.098462
0 0.205310 0.535385 0.049558 0.098462
0 0.251327 0.523077 0.049558 0.098462
0 0.467257 0.487692 0.046018 0.095385
0 0.223009 0.718462 0.046018 0.095385
0 0.265487 0.712308 0.046018 0.095385
0 0.309735 0.706154 0.046018 0.095385
0 0.546903 0.656923 0.046018 0.095385
0 0.582301 0.653846 0.046018 0.095385
