0 0.205455 0.246269 0.040000 0.100213
0 0.243030 0.248401 0.040000 0.100213
0 0.289091 0.250533 0.040000 0.100213
0 0.204242 0.344350 0.040000 0.100213
0 0.241818 0.348614 0.040000 0.100213
0 0.290303 0.348614 0.040000 0.100213
0 0.203030 0.446695 0.040000 0.100213
0 0.245455 0.444563 0.040000 0.100213
0 0.439394 0.455224 0.040000 0.100213
0 0.203030 0.630064 0.040000 0.100213
0 0.244242 0.630064 0.040000 0.100213
0 0.280606 0.642857 0.040000 0.100213
0 0.504848 0.644989 0.040000 0.100213
0 0.542424 0.651386 0.040000 0.100213
1 0.369091 0.254797 0.025455 0.091684
1 0.405455 0.348614 0.025455 0.091684
1 0.321818 0.644989 0.025455 0.091684
1 0.355758 0.647122 0.027879 0.104478
1 0.407879 0.642857 0.027879 0.104478
1 0.622424 0.655650 0.027879 0.104478
