0 0.206199 0.238035 0.040431 0.103275
0 0.247978 0.240554 0.040431 0.103275
0 0.297844 0.243073 0.040431 0.103275
0 0.207547 0.348866 0.040431 0.103275
0 0.249326 0.348866 0.040431 0.103275
0 0.300539 0.348866 0.040431 0.103275
0 0.208221 0.462217 0.041779 0.108312
0 0.247305 0.462217 0.041779 0.108312
0 0.457547 0.467254 0.041779 0.108312
0 0.208221 0.678841 0.041779 0.108312
0 0.250000 0.681360 0.041779 0.108312
0 0.291779 0.681360 0.041779 0.108312
0 0.524933 0.681360 0.041779 0.108312
0 0.564016 0.681360 0.041779 0.108312
1 0.386119 0.244332 0.020216 0.105793
1 0.422507 0.355164 0.020216 0.105793
1 0.335580 0.680101 0.032345 0.105793
1 0.427898 0.682620 0.020216 0.105793
1 0.366577 0.677582 0.032345 0.105793
1 0.644205 0.675063 0.032345 0.105793
