0 0.194074 0.248082 0.041481 0.086957
0 0.231111 0.248082 0.041481 0.086957
0 0.191111 0.350384 0.041481 0.086957
0 0.234074 0.350384 0.041481 0.086957
0 0.191111 0.445013 0.041481 0.086957
0 0.231111 0.447570 0.041481 0.086957
0 0.189630 0.639386 0.041481 0.086957
0 0.226667 0.647059 0.041481 0.086957
0 0.271111 0.649616 0.041481 0.086957
0 0.282963 0.253197 0.041481 0.086957
0 0.281481 0.352941 0.041481 0.086957
0 0.438519 0.455243 0.041481 0.086957
0 0.506667 0.664962 0.041481 0.086957
0 0.548148 0.667519 0.041481 0.086957
