0 0.190346 0.277448 0.041894 0.091988
0 0.232240 0.274481 0.041894 0.091988
0 0.234062 0.379822 0.045537 0.094955
0 0.190346 0.378338 0.041894 0.091988
0 0.281421 0.281899 0.045537 0.094955
0 0.281421 0.379822 0.045537 0.094955
0 0.443534 0.480712 0.045537 0.094955
0 0.186703 0.471810 0.045537 0.094955
0 0.232240 0.471810 0.045537 0.094955
0 0.188525 0.667656 0.045537 0.094955
0 0.231330 0.669139 0.040073 0.086053
0 0.273224 0.672107 0.040073 0.086053
0 0.511840 0.681009 0.040073 0.086053
0 0.550091 0.681009 0.040073 0.086053
1 0.371585 0.281899 0.032787 0.094955
1 0.413479 0.376855 0.032787 0.094955
1 0.315118 0.667656 0.032787 0.094955
1 0.353370 0.673591 0.032787 0.094955
1 0.411658 0.673591 0.032787 0.094955
1 0.635701 0.685460 0.032787 0.094955
