0 0.184335 0.292264 0.039557 0.108883
0 0.223892 0.292264 0.039557 0.108883
0 0.277690 0.292264 0.039557 0.108883
0 0.189082 0.395415 0.039557 0.108883
0 0.228639 0.395415 0.039557 0.108883
0 0.279272 0.395415 0.039557 0.108883
0 0.189082 0.498567 0.039557 0.108883
0 0.231804 0.501433 0.039557 0.108883
0 0.434335 0.475645 0.039557 0.108883
0 0.193829 0.704871 0.039557 0.108883
0 0.233386 0.704871 0.039557 0.108883
0 0.274525 0.707736 0.039557 0.108883
0 0.505538 0.673352 0.039557 0.108883
0 0.545095 0.676218 0.039557 0.108883
1 0.359177 0.277937 0.028481 0.108883
1 0.398734 0.375358 0.028481 0.108883
1 0.314873 0.693410 0.028481 0.108883
1 0.352848 0.687679 0.028481 0.108883
1 0.409810 0.676218 0.028481 0.108883
1 0.626582 0.656160 0.028481 0.108883
