0 0.228296 0.305556 0.041801 0.094444
0 0.265273 0.302778 0.041801 0.094444
0 0.319936 0.300000 0.041801 0.094444
0 0.231511 0.400000 0.041801 0.094444
0 0.271704 0.400000 0.041801 0.094444
0 0.324759 0.394444 0.041801 0.094444
0 0.233119 0.497222 0.041801 0.094444
0 0.274116 0.494444 0.046624 0.094444
0 0.479904 0.469444 0.046624 0.094444
0 0.557878 0.650000 0.038585 0.088889
0 0.591640 0.644444 0.038585 0.088889
0 0.244373 0.691667 0.038585 0.088889
0 0.282958 0.683333 0.038585 0.088889
0 0.321543 0.683333 0.038585 0.088889
