0 0.183036 0.260802 0.044643 0.095679
0 0.220536 0.263889 0.044643 0.095679
0 0.274107 0.270062 0.044643 0.095679
0 0.175893 0.365741 0.044643 0.095679
0 0.220536 0.365741 0.044643 0.095679
0 0.272321 0.371914 0.044643 0.095679
0 0.177679 0.467593 0.044643 0.095679
0 0.218750 0.473765 0.044643 0.095679
0 0.431250 0.476852 0.044643 0.095679
0 0.181250 0.668210 0.044643 0.095679
0 0.224107 0.671296 0.044643 0.095679
0 0.265179 0.671296 0.044643 0.095679
0 0.500893 0.677469 0.044643 0.095679
0 0.540179 0.677469 0.044643 0.095679
1 0.360714 0.266975 0.028571 0.108025
1 0.398214 0.365741 0.028571 0.108025
1 0.305357 0.668210 0.028571 0.108025
1 0.341071 0.671296 0.028571 0.108025
1 0.403571 0.674383 0.028571 0.108025
1 0.622321 0.680556 0.033929 0.101852
