0 0.196710 0.272167 0.038627 0.100985
0 0.233906 0.274631 0.038627 0.100985
0 0.291130 0.274631 0.038627 0.100985
0 0.199571 0.378079 0.038627 0.100985
0 0.238197 0.378079 0.038627 0.100985
0 0.292561 0.378079 0.038627 0.100985
0 0.199571 0.479064 0.038627 0.100985
0 0.239628 0.479064 0.038627 0.100985
0 0.449928 0.481527 0.038627 0.100985
0 0.202432 0.683498 0.038627 0.100985
0 0.241059 0.678571 0.038627 0.100985
0 0.279685 0.681034 0.038627 0.100985
0 0.521459 0.685961 0.038627 0.100985
0 0.561516 0.683498 0.038627 0.100985
1 0.371960 0.272167 0.031474 0.096059
1 0.414878 0.375616 0.031474 0.096059
1 0.327611 0.678571 0.031474 0.096059
1 0.361946 0.678571 0.031474 0.096059
1 0.424893 0.681034 0.031474 0.096059
1 0.645207 0.683498 0.031474 0.096059
