0 0.199229 0.233115 0.038560 0.095861
0 0.240360 0.237473 0.038560 0.095861
0 0.290488 0.246187 0.038560 0.095861
0 0.199229 0.333333 0.038560 0.095861
0 0.235219 0.335512 0.038560 0.095861
0 0.285347 0.348584 0.038560 0.095861
0 0.195373 0.433551 0.038560 0.095861
0 0.233933 0.437908 0.038560 0.095861
0 0.437018 0.464052 0.038560 0.095861
0 0.188946 0.623094 0.038560 0.095861
0 0.230077 0.627451 0.038560 0.095861
0 0.267352 0.636166 0.038560 0.095861
0 0.496144 0.657952 0.038560 0.095861
0 0.533419 0.660131 0.038560 0.095861
