0 0.190586 0.287202 0.044753 0.110119
0 0.232253 0.287202 0.044753 0.110119
0 0.283179 0.281250 0.044753 0.110119
0 0.192130 0.400298 0.044753 0.110119
0 0.233796 0.397321 0.044753 0.110119
0 0.286265 0.391369 0.044753 0.110119
0 0.193673 0.507440 0.044753 0.110119
0 0.238426 0.510417 0.044753 0.110119
0 0.446759 0.489583 0.044753 0.110119
0 0.198302 0.730655 0.044753 0.110119
0 0.243056 0.727679 0.044753 0.110119
0 0.281636 0.721726 0.044753 0.110119
0 0.516975 0.700893 0.040123 0.104167
0 0.555556 0.697917 0.040123 0.104167
1 0.368827 0.269345 0.024691 0.104167
1 0.407407 0.367560 0.024691 0.104167
1 0.322531 0.718750 0.024691 0.104167
1 0.358025 0.718750 0.024691 0.104167
1 0.422840 0.712798 0.024691 0.104167
1 0.631173 0.688988 0.024691 0.104167
