0 0.204947 0.285016 0.045936 0.100977
0 0.247350 0.278502 0.045936 0.100977
0 0.295053 0.281759 0.045936 0.100977
0 0.206714 0.395765 0.045936 0.100977
0 0.249117 0.385993 0.045936 0.100977
0 0.296820 0.382736 0.045936 0.100977
0 0.206714 0.496743 0.045936 0.100977
0 0.245583 0.490228 0.045936 0.100977
0 0.459364 0.473941 0.045936 0.100977
0 0.217314 0.701954 0.045936 0.100977
0 0.259717 0.705212 0.045936 0.100977
0 0.302120 0.708469 0.045936 0.100977
0 0.530035 0.669381 0.045936 0.100977
0 0.565371 0.672638 0.045936 0.100977
1 0.382509 0.270358 0.026502 0.104235
1 0.424912 0.364821 0.026502 0.104235
1 0.341873 0.698697 0.026502 0.114007
1 0.377208 0.695440 0.026502 0.114007
1 0.439046 0.685668 0.026502 0.114007
1 0.652827 0.669381 0.026502 0.114007
