0 0.198529 0.275000 0.041444 0.100000
0 0.239973 0.277500 0.041444 0.100000
0 0.284091 0.275000 0.041444 0.100000
0 0.201203 0.375000 0.041444 0.100000
0 0.242647 0.377500 0.041444 0.100000
0 0.288102 0.377500 0.041444 0.100000
0 0.203877 0.475000 0.041444 0.100000
0 0.239973 0.480000 0.041444 0.100000
0 0.436497 0.475000 0.041444 0.100000
0 0.205214 0.677500 0.041444 0.100000
0 0.247995 0.675000 0.041444 0.100000
0 0.284091 0.675000 0.041444 0.100000
0 0.504679 0.667500 0.041444 0.100000
0 0.542112 0.672500 0.036096 0.100000
1 0.365642 0.270000 0.028075 0.105000
1 0.403075 0.367500 0.028075 0.105000
1 0.324198 0.675000 0.028075 0.105000
1 0.360294 0.675000 0.028075 0.105000
1 0.411096 0.675000 0.028075 0.105000
1 0.618316 0.670000 0.028075 0.105000
