0 0.194093 0.261084 0.042194 0.088670
0 0.236287 0.266010 0.042194 0.088670
0 0.295359 0.263547 0.042194 0.088670
0 0.192686 0.369458 0.042194 0.088670
0 0.234880 0.371921 0.042194 0.088670
0 0.285513 0.371921 0.042194 0.088670
0 0.194093 0.477833 0.042194 0.088670
0 0.237693 0.472906 0.042194 0.088670
0 0.448664 0.477833 0.042194 0.088670
0 0.191280 0.679803 0.042194 0.088670
0 0.232068 0.682266 0.042194 0.088670
0 0.272855 0.687192 0.042194 0.088670
0 0.520394 0.682266 0.042194 0.088670
0 0.556962 0.688424 0.039381 0.096059
1 0.374824 0.263547 0.029536 0.093596
1 0.417018 0.374384 0.029536 0.093596
1 0.315752 0.683498 0.029536 0.100985
1 0.353727 0.683498 0.029536 0.100985
1 0.412799 0.688424 0.029536 0.100985
1 0.635021 0.688424 0.029536 0.100985
