0 0.207562 0.301653 0.038580 0.090909
0 0.244599 0.301653 0.038580 0.090909
0 0.298611 0.298898 0.038580 0.090909
0 0.209105 0.406336 0.038580 0.090909
0 0.247685 0.403581 0.038580 0.090909
0 0.303241 0.398072 0.038580 0.090909
0 0.212191 0.511019 0.038580 0.090909
0 0.250772 0.505510 0.038580 0.090909
0 0.459105 0.488981 0.038580 0.090909
0 0.218364 0.714876 0.038580 0.090909
0 0.255401 0.712121 0.038580 0.090909
0 0.293981 0.706612 0.038580 0.090909
0 0.528549 0.687328 0.038580 0.090909
0 0.567130 0.684573 0.038580 0.090909
1 0.380401 0.292011 0.029321 0.099174
1 0.418981 0.391185 0.029321 0.099174
1 0.337191 0.702479 0.029321 0.099174
1 0.372685 0.696970 0.029321 0.099174
1 0.431327 0.699725 0.029321 0.099174
1 0.644290 0.672176 0.029321 0.099174
