0 0.220130 0.284562 0.035065 0.089862
0 0.256494 0.282258 0.035065 0.089862
0 0.307143 0.284562 0.035065 0.089862
0 0.216234 0.376728 0.035065 0.089862
0 0.257792 0.381336 0.035065 0.089862
0 0.307143 0.383641 0.035065 0.089862
0 0.216234 0.480415 0.035065 0.089862
0 0.253896 0.478111 0.035065 0.089862
0 0.455195 0.487327 0.035065 0.089862
0 0.213636 0.678571 0.035065 0.089862
0 0.253896 0.678571 0.042857 0.094470
0 0.294156 0.676267 0.035065 0.089862
0 0.517532 0.678571 0.035065 0.089862
0 0.556494 0.678571 0.035065 0.089862
1 0.387013 0.285714 0.023377 0.092166
1 0.425974 0.384793 0.023377 0.092166
1 0.333766 0.670507 0.023377 0.092166
1 0.368831 0.677419 0.023377 0.092166
1 0.424675 0.682028 0.023377 0.092166
1 0.625974 0.675115 0.023377 0.092166
