0 0.194118 0.234793 0.041176 0.090024
0 0.233824 0.239659 0.041176 0.090024
0 0.283824 0.244526 0.041176 0.090024
0 0.194118 0.329684 0.041176 0.090024
0 0.233824 0.332117 0.041176 0.090024
0 0.283824 0.336983 0.041176 0.090024
0 0.192647 0.417275 0.041176 0.090024
0 0.233824 0.424574 0.041176 0.090024
0 0.435294 0.434307 0.041176 0.090024
0 0.194118 0.607056 0.041176 0.090024
0 0.232353 0.611922 0.041176 0.090024
0 0.270588 0.614355 0.041176 0.090024
0 0.505882 0.624088 0.041176 0.090024
0 0.541176 0.624088 0.041176 0.090024
1 0.361029 0.243309 0.027941 0.097324
1 0.400735 0.335766 0.027941 0.097324
1 0.313971 0.610706 0.027941 0.097324
1 0.347794 0.613139 0.027941 0.097324
1 0.400735 0.618005 0.027941 0.097324
1 0.621324 0.627737 0.027941 0.097324
