0 0.204648 0.291209 0.043478 0.098901
0 0.246627 0.291209 0.043478 0.098901
0 0.294603 0.285714 0.043478 0.098901
0 0.204648 0.392857 0.043478 0.098901
0 0.248126 0.395604 0.043478 0.098901
0 0.297601 0.387363 0.043478 0.098901
0 0.203148 0.505495 0.043478 0.098901
0 0.250375 0.495879 0.044978 0.101648
0 0.455022 0.478022 0.037481 0.098901
0 0.215142 0.708791 0.037481 0.098901
0 0.255622 0.711538 0.037481 0.098901
0 0.294603 0.703297 0.037481 0.098901
0 0.525487 0.678571 0.037481 0.098901
0 0.562969 0.673077 0.037481 0.098901
1 0.376312 0.277473 0.029985 0.093407
1 0.415292 0.376374 0.029985 0.093407
1 0.371814 0.689560 0.029985 0.093407
1 0.335832 0.695055 0.029985 0.093407
1 0.640180 0.659341 0.029985 0.093407
1 0.428786 0.684066 0.029985 0.093407
