0 0.194787 0.293779 0.043896 0.089862
0 0.237311 0.296083 0.043896 0.089862
0 0.290809 0.296083 0.043896 0.089862
0 0.193416 0.395161 0.043896 0.089862
0 0.233196 0.395161 0.043896 0.089862
0 0.289438 0.399770 0.043896 0.089862
0 0.192044 0.489631 0.043896 0.089862
0 0.234568 0.494240 0.043896 0.089862
0 0.448560 0.487327 0.043896 0.089862
0 0.189300 0.685484 0.043896 0.089862
0 0.229081 0.690092 0.043896 0.089862
0 0.270233 0.690092 0.043896 0.089862
0 0.511660 0.690092 0.043896 0.089862
0 0.544582 0.692396 0.043896 0.089862
1 0.376543 0.305300 0.026063 0.089862
1 0.420439 0.395161 0.026063 0.089862
1 0.318930 0.692396 0.026063 0.089862
1 0.358711 0.690092 0.026063 0.089862
1 0.420439 0.687788 0.026063 0.089862
1 0.634431 0.687788 0.026063 0.089862
