0 0.204741 0.257991 0.038793 0.082192
0 0.243534 0.259132 0.041667 0.079909
0 0.292385 0.261416 0.041667 0.079909
0 0.204741 0.348174 0.041667 0.079909
0 0.239224 0.352740 0.041667 0.079909
0 0.292385 0.350457 0.041667 0.079909
0 0.204741 0.437215 0.041667 0.079909
0 0.243534 0.437215 0.041667 0.079909
0 0.446121 0.448630 0.041667 0.079909
0 0.200431 0.610731 0.041667 0.079909
0 0.237787 0.613014 0.041667 0.079909
0 0.276580 0.613014 0.041667 0.079909
0 0.515086 0.635845 0.041667 0.079909
0 0.551006 0.638128 0.041667 0.079909
