0 0.201429 0.247017 0.042857 0.097852
0 0.238571 0.247017 0.042857 0.097852
0 0.287143 0.247017 0.042857 0.097852
0 0.198571 0.332936 0.042857 0.097852
0 0.237143 0.335322 0.042857 0.097852
0 0.288571 0.335322 0.042857 0.097852
0 0.200000 0.426014 0.042857 0.097852
0 0.241429 0.426014 0.042857 0.097852
0 0.442857 0.426014 0.042857 0.097852
0 0.202857 0.605012 0.042857 0.097852
0 0.245714 0.605012 0.042857 0.097852
0 0.288571 0.607399 0.042857 0.097852
0 0.515714 0.601432 0.034286 0.090692
0 0.551429 0.603819 0.037143 0.090692
1 0.330000 0.607399 0.037143 0.097852
1 0.360000 0.605012 0.031429 0.102625
1 0.418571 0.605012 0.031429 0.102625
1 0.624286 0.595465 0.031429 0.102625
1 0.365714 0.239857 0.031429 0.102625
1 0.408571 0.325776 0.031429 0.102625
