0 0.188466 0.262712 0.039239 0.101695
0 0.227705 0.264831 0.039239 0.101695
0 0.276457 0.262712 0.039239 0.101695
0 0.192033 0.362288 0.039239 0.101695
0 0.232461 0.366525 0.039239 0.101695
0 0.276457 0.368644 0.039239 0.101695
0 0.184899 0.470339 0.039239 0.101695
0 0.226516 0.472458 0.039239 0.101695
0 0.431034 0.474576 0.039239 0.101695
0 0.190844 0.667373 0.039239 0.101695
0 0.232461 0.669492 0.039239 0.101695
0 0.270511 0.671610 0.039239 0.101695
0 0.495244 0.677966 0.039239 0.101695
0 0.529727 0.684322 0.039239 0.101695
1 0.360880 0.260593 0.024970 0.101695
1 0.401308 0.370763 0.024970 0.101695
1 0.308561 0.677966 0.024970 0.101695
1 0.338882 0.670551 0.033294 0.099576
1 0.399524 0.674788 0.033294 0.099576
1 0.615933 0.687500 0.033294 0.099576
