0 0.193978 0.269704 0.043417 0.096059
0 0.234594 0.269704 0.043417 0.096059
0 0.290616 0.269704 0.043417 0.096059
0 0.192577 0.378079 0.043417 0.096059
0 0.235994 0.378079 0.043417 0.096059
0 0.289216 0.380542 0.043417 0.096059
0 0.189776 0.483990 0.043417 0.096059
0 0.233193 0.481527 0.043417 0.096059
0 0.448880 0.486453 0.043417 0.096059
0 0.191176 0.698276 0.043417 0.096059
0 0.230392 0.695813 0.043417 0.096059
0 0.275210 0.690887 0.043417 0.096059
0 0.518908 0.698276 0.043417 0.096059
0 0.560924 0.695813 0.043417 0.096059
