0 0.185087 0.233193 0.039947 0.084034
0 0.222370 0.237395 0.039947 0.084034
0 0.270306 0.235294 0.039947 0.084034
0 0.185087 0.317227 0.039947 0.084034
0 0.227696 0.319328 0.039947 0.084034
0 0.268975 0.321429 0.039947 0.084034
0 0.183755 0.405462 0.039947 0.084034
0 0.221039 0.405462 0.039947 0.084034
0 0.418109 0.418067 0.039947 0.084034
0 0.182423 0.586134 0.039947 0.084034
0 0.221039 0.584034 0.039947 0.084034
0 0.256991 0.584034 0.039947 0.084034
0 0.482024 0.600840 0.039947 0.084034
0 0.520639 0.605042 0.039947 0.084034
1 0.349534 0.233193 0.025300 0.096639
1 0.390812 0.319328 0.025300 0.096639
1 0.294940 0.588235 0.025300 0.096639
1 0.329561 0.596639 0.025300 0.096639
1 0.385486 0.596639 0.025300 0.096639
1 0.599867 0.611345 0.025300 0.096639
