0 0.207002 0.255864 0.042998 0.098081
0 0.243857 0.257996 0.042998 0.098081
0 0.292998 0.253731 0.042998 0.098081
0 0.204545 0.358209 0.042998 0.098081
0 0.245086 0.356077 0.042998 0.098081
0 0.295455 0.358209 0.042998 0.098081
0 0.200860 0.456290 0.042998 0.098081
0 0.248771 0.456290 0.042998 0.098081
0 0.447789 0.462687 0.042998 0.098081
0 0.205774 0.641791 0.042998 0.098081
0 0.246314 0.643923 0.042998 0.098081
0 0.283170 0.648188 0.042998 0.098081
0 0.512899 0.654584 0.042998 0.098081
0 0.550983 0.665245 0.042998 0.098081
1 0.374693 0.256930 0.024570 0.104478
1 0.411548 0.359275 0.024570 0.104478
1 0.325553 0.651386 0.024570 0.104478
1 0.362408 0.651386 0.024570 0.104478
1 0.417690 0.651386 0.024570 0.104478
1 0.632678 0.666311 0.024570 0.104478
