0 0.198473 0.250000 0.039695 0.095628
0 0.235115 0.247268 0.039695 0.095628
0 0.198473 0.353825 0.039695 0.095628
0 0.239695 0.348361 0.039695 0.095628
0 0.198473 0.454918 0.039695 0.095628
0 0.242748 0.452186 0.039695 0.095628
0 0.204580 0.668033 0.039695 0.095628
0 0.245802 0.657104 0.039695 0.095628
0 0.283969 0.659836 0.039695 0.095628
0 0.293130 0.241803 0.039695 0.095628
0 0.294656 0.340164 0.039695 0.095628
0 0.451908 0.435792 0.039695 0.095628
0 0.523664 0.629781 0.039695 0.095628
0 0.557252 0.624317 0.039695 0.095628
1 0.375573 0.236339 0.024427 0.090164
1 0.413740 0.334699 0.024427 0.090164
1 0.328244 0.648907 0.024427 0.090164
1 0.367939 0.643443 0.024427 0.090164
1 0.425954 0.635246 0.024427 0.090164
1 0.636641 0.616120 0.024427 0.090164
