0 0.206447 0.267544 0.045267 0.083333
0 0.244856 0.267544 0.045267 0.083333
0 0.298354 0.271930 0.045267 0.083333
0 0.203704 0.361842 0.045267 0.083333
0 0.246228 0.364035 0.045267 0.083333
0 0.299726 0.364035 0.045267 0.083333
0 0.203704 0.458333 0.045267 0.083333
0 0.244856 0.456140 0.045267 0.083333
0 0.456104 0.460526 0.045267 0.083333
0 0.199588 0.644737 0.045267 0.083333
0 0.240741 0.644737 0.045267 0.083333
0 0.284636 0.644737 0.045267 0.083333
0 0.517833 0.644737 0.045267 0.083333
0 0.556241 0.646930 0.045267 0.083333
