0 0.196850 0.280665 0.036745 0.079002
0 0.234908 0.282744 0.036745 0.079002
0 0.283465 0.284823 0.036745 0.079002
0 0.195538 0.370062 0.036745 0.079002
0 0.233596 0.367983 0.036745 0.079002
0 0.279528 0.370062 0.036745 0.079002
0 0.196850 0.455301 0.036745 0.079002
0 0.232283 0.461538 0.036745 0.079002
0 0.430446 0.465696 0.036745 0.079002
0 0.192913 0.632017 0.036745 0.079002
0 0.232283 0.636175 0.036745 0.079002
0 0.270341 0.634096 0.036745 0.079002
0 0.496063 0.646570 0.036745 0.079002
0 0.532808 0.656965 0.036745 0.079002
