0 0.206322 0.252066 0.044828 0.099174
0 0.247701 0.252066 0.044828 0.099174
0 0.292529 0.252066 0.044828 0.099174
0 0.200575 0.357438 0.044828 0.099174
0 0.247701 0.359504 0.044828 0.099174
0 0.291379 0.357438 0.044828 0.099174
0 0.202874 0.464876 0.044828 0.099174
0 0.245402 0.464876 0.044828 0.099174
0 0.446552 0.463843 0.040230 0.097107
0 0.208621 0.658058 0.040230 0.097107
0 0.248851 0.658058 0.040230 0.097107
0 0.290230 0.664256 0.040230 0.097107
0 0.514368 0.678719 0.040230 0.097107
0 0.556897 0.674587 0.040230 0.097107
