0 0.199700 0.232620 0.042042 0.101604
0 0.235736 0.237968 0.042042 0.101604
0 0.288288 0.237968 0.042042 0.101604
0 0.196697 0.336898 0.042042 0.101604
0 0.237237 0.344920 0.042042 0.101604
0 0.289790 0.342246 0.039039 0.106952
0 0.195195 0.441176 0.039039 0.106952
0 0.237237 0.446524 0.039039 0.106952
0 0.447447 0.449198 0.039039 0.106952
0 0.200450 0.651070 0.037538 0.109626
0 0.239489 0.651070 0.037538 0.109626
0 0.280030 0.651070 0.046547 0.109626
0 0.518769 0.660428 0.037538 0.112299
0 0.557808 0.665775 0.037538 0.112299
