0 0.214022 0.259465 0.039360 0.091314
0 0.252153 0.259465 0.039360 0.091314
0 0.303813 0.261693 0.039360 0.091314
0 0.216482 0.355234 0.039360 0.091314
0 0.254613 0.355234 0.039360 0.091314
0 0.303813 0.355234 0.039360 0.091314
0 0.215252 0.459911 0.039360 0.091314
0 0.255843 0.459911 0.039360 0.091314
0 0.452645 0.468820 0.039360 0.091314
0 0.217712 0.658129 0.039360 0.091314
0 0.255843 0.655902 0.039360 0.091314
0 0.297663 0.667038 0.039360 0.091314
0 0.520295 0.678174 0.039360 0.091314
0 0.560886 0.678174 0.039360 0.091314
