0 0.194974 0.268293 0.039861 0.097561
0 0.233102 0.271341 0.039861 0.097561
0 0.286828 0.271341 0.039861 0.097561
0 0.194974 0.368902 0.039861 0.097561
0 0.234835 0.371951 0.039861 0.097561
0 0.286828 0.371951 0.039861 0.097561
0 0.194974 0.475610 0.039861 0.097561
0 0.236568 0.478659 0.039861 0.097561
0 0.442808 0.478659 0.039861 0.097561
0 0.201040 0.679878 0.041594 0.103659
0 0.237435 0.676829 0.041594 0.103659
0 0.279029 0.676829 0.041594 0.103659
0 0.509532 0.679878 0.034662 0.097561
0 0.545927 0.682927 0.034662 0.097561
1 0.366551 0.272866 0.022530 0.100610
1 0.318024 0.675305 0.022530 0.100610
1 0.356153 0.675305 0.022530 0.100610
1 0.415078 0.681402 0.022530 0.100610
1 0.628250 0.678354 0.022530 0.100610
1 0.409879 0.373476 0.022530 0.100610
