0 0.186605 0.258532 0.041922 0.093857
0 0.224438 0.263652 0.041922 0.093857
0 0.182515 0.348976 0.041922 0.093857
0 0.223415 0.357509 0.041922 0.093857
0 0.275562 0.267065 0.041922 0.093857
0 0.270450 0.359215 0.041922 0.093857
0 0.179448 0.441126 0.041922 0.093857
0 0.217280 0.449659 0.041922 0.093857
0 0.417689 0.476962 0.041922 0.093857
0 0.171268 0.618601 0.041922 0.093857
0 0.211145 0.618601 0.041922 0.093857
0 0.245910 0.625427 0.041922 0.093857
0 0.465746 0.660410 0.033742 0.098976
0 0.504601 0.660410 0.033742 0.098976
