0 0.221286 0.247899 0.048472 0.089076
0 0.259220 0.256303 0.048472 0.089076
0 0.320337 0.266387 0.048472 0.089076
0 0.217071 0.340336 0.048472 0.089076
0 0.257113 0.347059 0.048472 0.089076
0 0.308746 0.352101 0.048472 0.089076
0 0.211802 0.431092 0.048472 0.089076
0 0.257113 0.439496 0.048472 0.089076
0 0.463646 0.464706 0.048472 0.089076
0 0.203899 0.609244 0.049526 0.089076
0 0.244995 0.615966 0.049526 0.089076
0 0.288198 0.619328 0.049526 0.089076
0 0.515279 0.637815 0.048472 0.089076
0 0.558483 0.636134 0.048472 0.089076
