0 0.191281 0.268519 0.040925 0.098765
0 0.232206 0.262346 0.040925 0.098765
0 0.285587 0.262346 0.040925 0.098765
0 0.194840 0.370370 0.040925 0.098765
0 0.230427 0.370370 0.040925 0.098765
0 0.285587 0.370370 0.040925 0.098765
0 0.193060 0.466049 0.040925 0.098765
0 0.233986 0.466049 0.040925 0.098765
0 0.447509 0.475309 0.040925 0.098765
0 0.196619 0.666667 0.040925 0.098765
0 0.233986 0.672840 0.040925 0.098765
0 0.271352 0.675926 0.040925 0.098765
0 0.513345 0.682099 0.040925 0.098765
0 0.552491 0.682099 0.040925 0.098765
1 0.370996 0.270062 0.030249 0.095679
1 0.408363 0.371914 0.030249 0.095679
1 0.315836 0.677469 0.030249 0.095679
1 0.353203 0.677469 0.030249 0.095679
1 0.411922 0.680556 0.030249 0.095679
1 0.627224 0.680556 0.030249 0.095679
