0 0.200960 0.252809 0.039781 0.096629
0 0.239369 0.252809 0.039781 0.096629
0 0.288752 0.252809 0.039781 0.096629
0 0.202332 0.344944 0.039781 0.096629
0 0.237997 0.351685 0.039781 0.096629
0 0.290123 0.351685 0.039781 0.096629
0 0.202332 0.434831 0.039781 0.096629
0 0.240741 0.441573 0.039781 0.096629
0 0.442387 0.441573 0.039781 0.096629
0 0.205075 0.616854 0.039781 0.096629
0 0.242112 0.619101 0.039781 0.096629
0 0.281893 0.623596 0.039781 0.096629
0 0.509602 0.628090 0.039781 0.096629
0 0.549383 0.628090 0.039781 0.096629
1 0.371056 0.260674 0.028807 0.094382
1 0.409465 0.343820 0.028807 0.094382
1 0.323045 0.620225 0.028807 0.094382
1 0.357339 0.617978 0.028807 0.094382
1 0.413580 0.620225 0.028807 0.094382
1 0.626200 0.624719 0.028807 0.094382
