0 0.208502 0.269412 0.039136 0.091765
0 0.248988 0.274118 0.039136 0.091765
0 0.297571 0.278824 0.039136 0.091765
0 0.211876 0.372941 0.045884 0.091765
0 0.250337 0.370588 0.039136 0.091765
0 0.298246 0.365882 0.045884 0.091765
0 0.207827 0.464706 0.035088 0.087059
0 0.246964 0.469412 0.035088 0.087059
0 0.446694 0.471765 0.035088 0.087059
0 0.213225 0.650588 0.035088 0.087059
0 0.251687 0.656471 0.041835 0.089412
0 0.289474 0.661176 0.041835 0.089412
0 0.513495 0.661176 0.041835 0.089412
0 0.549933 0.661176 0.041835 0.089412
1 0.377868 0.274118 0.024291 0.101176
1 0.412955 0.361176 0.024291 0.101176
1 0.327935 0.660000 0.024291 0.101176
1 0.363023 0.657647 0.024291 0.101176
1 0.417004 0.660000 0.024291 0.101176
1 0.630229 0.667059 0.024291 0.101176
