0 0.198813 0.265281 0.038576 0.085575
0 0.235905 0.267726 0.038576 0.085575
0 0.287834 0.270171 0.038576 0.085575
0 0.198813 0.360636 0.038576 0.085575
0 0.235905 0.360636 0.038576 0.085575
0 0.287834 0.367971 0.038576 0.085575
0 0.197329 0.453545 0.038576 0.085575
0 0.237389 0.455990 0.038576 0.085575
0 0.443620 0.463325 0.038576 0.085575
0 0.197329 0.644254 0.038576 0.085575
0 0.235905 0.644254 0.038576 0.085575
0 0.277448 0.646699 0.038576 0.085575
0 0.513353 0.654034 0.038576 0.085575
0 0.548961 0.656479 0.038576 0.085575
1 0.374629 0.270171 0.022255 0.100244
1 0.316766 0.649144 0.022255 0.100244
1 0.358309 0.654034 0.022255 0.100244
1 0.414688 0.651589 0.022255 0.100244
1 0.635757 0.654034 0.022255 0.100244
