0 0.226038 0.280992 0.039936 0.088154
0 0.262780 0.278237 0.039936 0.088154
0 0.312300 0.280992 0.039936 0.088154
0 0.226038 0.377410 0.039936 0.088154
0 0.262780 0.374656 0.039936 0.088154
0 0.312300 0.377410 0.039936 0.088154
0 0.226038 0.473829 0.039936 0.088154
0 0.267572 0.473829 0.039936 0.088154
0 0.462460 0.471074 0.039936 0.088154
0 0.230831 0.661157 0.039936 0.088154
0 0.269169 0.661157 0.039936 0.088154
0 0.307508 0.661157 0.039936 0.088154
0 0.529553 0.663912 0.039936 0.088154
0 0.566294 0.663912 0.039936 0.088154
