0 0.205925 0.246787 0.041908 0.102828
0 0.246387 0.251928 0.041908 0.102828
0 0.301301 0.251928 0.041908 0.102828
0 0.207370 0.357326 0.041908 0.102828
0 0.244942 0.359897 0.041908 0.102828
0 0.301301 0.357326 0.041908 0.102828
0 0.208815 0.457584 0.041908 0.102828
0 0.250723 0.460154 0.041908 0.102828
0 0.463150 0.462725 0.041908 0.102828
0 0.210260 0.665810 0.041908 0.102828
0 0.250723 0.670951 0.041908 0.102828
0 0.291185 0.670951 0.041908 0.102828
0 0.533960 0.673522 0.041908 0.102828
0 0.574422 0.676093 0.041908 0.102828
1 0.387283 0.253213 0.028902 0.105398
1 0.426301 0.350900 0.028902 0.105398
1 0.335260 0.669666 0.028902 0.105398
1 0.372832 0.672237 0.028902 0.105398
1 0.434971 0.674807 0.028902 0.105398
1 0.656069 0.677378 0.028902 0.105398
