0 0.202957 0.267905 0.040323 0.111406
0 0.290323 0.267905 0.040323 0.111406
0 0.245968 0.270557 0.040323 0.111406
0 0.204301 0.371353 0.040323 0.111406
0 0.244624 0.384615 0.040323 0.111406
0 0.291667 0.379310 0.040323 0.111406
0 0.206989 0.488064 0.040323 0.111406
0 0.248656 0.490716 0.040323 0.111406
0 0.443548 0.488064 0.040323 0.111406
0 0.211022 0.700265 0.040323 0.111406
0 0.244624 0.700265 0.040323 0.111406
0 0.284946 0.700265 0.040323 0.111406
0 0.509409 0.692308 0.040323 0.111406
0 0.547715 0.697613 0.036290 0.111406
1 0.369624 0.267905 0.026882 0.106101
1 0.408602 0.376658 0.026882 0.106101
1 0.323253 0.697613 0.033602 0.106101
1 0.359543 0.702918 0.033602 0.106101
1 0.414651 0.697613 0.033602 0.106101
1 0.625672 0.697613 0.033602 0.106101
