0 0.204878 0.260181 0.043902 0.108597
0 0.242683 0.257919 0.043902 0.108597
0 0.293902 0.257919 0.043902 0.108597
0 0.202439 0.373303 0.043902 0.108597
0 0.245122 0.375566 0.043902 0.108597
0 0.295122 0.377828 0.043902 0.108597
0 0.202439 0.477376 0.043902 0.108597
0 0.246341 0.479638 0.043902 0.108597
0 0.457317 0.488688 0.043902 0.108597
0 0.207317 0.694570 0.043902 0.108597
0 0.250000 0.694570 0.043902 0.108597
0 0.293902 0.696833 0.043902 0.108597
0 0.521951 0.701357 0.043902 0.108597
0 0.562195 0.699095 0.043902 0.108597
1 0.384146 0.265837 0.031707 0.124434
1 0.420732 0.369910 0.031707 0.124434
1 0.334146 0.697964 0.031707 0.124434
1 0.365854 0.695701 0.031707 0.124434
1 0.429268 0.693439 0.031707 0.124434
1 0.640244 0.702489 0.031707 0.124434
