0 0.213178 0.286350 0.038760 0.103858
0 0.250388 0.286350 0.038760 0.103858
0 0.300000 0.280415 0.038760 0.103858
0 0.216279 0.393175 0.038760 0.103858
0 0.255039 0.387240 0.038760 0.103858
0 0.303101 0.390208 0.038760 0.103858
0 0.219380 0.497033 0.038760 0.103858
0 0.256589 0.497033 0.038760 0.103858
0 0.458140 0.479228 0.038760 0.103858
0 0.225581 0.713650 0.038760 0.103858
0 0.262791 0.707715 0.038760 0.103858
0 0.301550 0.704748 0.038760 0.103858
0 0.529457 0.683976 0.038760 0.103858
0 0.565116 0.683976 0.038760 0.103858
