0 0.205995 0.256627 0.044643 0.103614
0 0.248087 0.254217 0.044643 0.103614
0 0.207270 0.365060 0.044643 0.103614
0 0.248087 0.365060 0.044643 0.103614
0 0.254464 0.471084 0.044643 0.103614
0 0.211097 0.473494 0.044643 0.103614
0 0.463648 0.463855 0.044643 0.103614
0 0.299107 0.251807 0.044643 0.103614
0 0.302934 0.360241 0.044643 0.103614
0 0.214923 0.680723 0.044643 0.103614
0 0.255740 0.683133 0.044643 0.103614
0 0.297832 0.690361 0.044643 0.103614
0 0.532526 0.668675 0.044643 0.103614
0 0.574617 0.673494 0.044643 0.103614
