0 0.208185 0.297771 0.039146 0.105096
0 0.247331 0.288217 0.039146 0.105096
0 0.298932 0.291401 0.039146 0.105096
0 0.209964 0.399682 0.039146 0.105096
0 0.250890 0.393312 0.039146 0.105096
0 0.304270 0.393312 0.039146 0.105096
0 0.209964 0.507962 0.039146 0.105096
0 0.252669 0.501592 0.039146 0.105096
0 0.462633 0.485669 0.039146 0.105096
0 0.217082 0.708599 0.039146 0.105096
0 0.256228 0.705414 0.039146 0.105096
0 0.295374 0.702229 0.039146 0.105096
0 0.535587 0.679936 0.039146 0.105096
0 0.574733 0.676752 0.039146 0.105096
