0 0.208462 0.277448 0.038462 0.109792
0 0.245385 0.277448 0.038462 0.109792
0 0.299231 0.271513 0.038462 0.109792
0 0.210000 0.387240 0.038462 0.109792
0 0.250000 0.387240 0.038462 0.109792
0 0.302308 0.384273 0.038462 0.109792
0 0.214615 0.491098 0.038462 0.109792
0 0.253077 0.494065 0.038462 0.109792
0 0.459231 0.479228 0.038462 0.109792
0 0.220769 0.710682 0.038462 0.109792
0 0.257692 0.707715 0.038462 0.109792
0 0.299231 0.707715 0.038462 0.109792
0 0.531538 0.692878 0.038462 0.109792
0 0.568462 0.692878 0.038462 0.109792
