0 0.211397 0.248884 0.045343 0.104911
0 0.246936 0.251116 0.045343 0.104911
0 0.300858 0.253348 0.045343 0.104911
0 0.215074 0.347098 0.045343 0.104911
0 0.254289 0.347098 0.045343 0.104911
0 0.302083 0.353795 0.045343 0.104911
0 0.216299 0.449777 0.045343 0.104911
0 0.255515 0.456473 0.045343 0.104911
0 0.457721 0.458705 0.045343 0.104911
0 0.216299 0.652902 0.045343 0.104911
0 0.257353 0.650670 0.044118 0.104911
0 0.300245 0.652902 0.044118 0.104911
0 0.526961 0.659598 0.044118 0.104911
0 0.562500 0.659598 0.044118 0.104911
1 0.381127 0.247768 0.024510 0.102679
1 0.419118 0.345982 0.024510 0.102679
1 0.337010 0.654018 0.024510 0.102679
1 0.373775 0.654018 0.024510 0.102679
1 0.643382 0.660714 0.024510 0.102679
