0 0.202899 0.271233 0.045089 0.082192
0 0.244767 0.271233 0.045089 0.082192
0 0.299517 0.271233 0.045089 0.082192
0 0.204509 0.378082 0.045089 0.082192
0 0.241546 0.375342 0.045089 0.082192
0 0.297907 0.375342 0.045089 0.082192
0 0.201288 0.482192 0.045089 0.082192
0 0.244767 0.475342 0.045089 0.095890
0 0.465378 0.472603 0.045089 0.095890
0 0.199678 0.694521 0.045089 0.095890
0 0.243156 0.689041 0.045089 0.095890
0 0.289855 0.689041 0.045089 0.095890
0 0.529791 0.664384 0.045089 0.095890
0 0.571659 0.664384 0.045089 0.095890
1 0.332528 0.686301 0.030596 0.106849
1 0.372786 0.680822 0.030596 0.106849
1 0.435588 0.675342 0.030596 0.106849
1 0.429147 0.363014 0.030596 0.106849
1 0.388889 0.275342 0.030596 0.106849
1 0.657005 0.658904 0.025765 0.101370
