0 0.218468 0.268102 0.042793 0.105675
0 0.262387 0.266145 0.042793 0.105675
0 0.311937 0.264188 0.042793 0.105675
0 0.216216 0.365949 0.042793 0.105675
0 0.264640 0.371820 0.042793 0.105675
0 0.314189 0.375734 0.042793 0.105675
2 0.359234 0.272016 0.045045 0.105675
2 0.355856 0.375734 0.045045 0.105675
2 0.403153 0.377691 0.045045 0.105675
2 0.441441 0.270059 0.045045 0.105675
2 0.515766 0.377691 0.045045 0.105675
1 0.400901 0.270059 0.038288 0.113503
1 0.442568 0.375734 0.038288 0.113503
1 0.456081 0.698630 0.038288 0.113503
1 0.397523 0.698630 0.038288 0.113503
1 0.359234 0.698630 0.038288 0.113503
1 0.504505 0.698630 0.038288 0.113503
1 0.676802 0.714286 0.038288 0.113503
2 0.631757 0.706458 0.040541 0.117417
0 0.547297 0.696673 0.042793 0.105675
0 0.588964 0.708415 0.042793 0.105675
4 0.714527 0.710372 0.050676 0.117417
0 0.217342 0.465753 0.042793 0.105675
0 0.262387 0.481409 0.042793 0.105675
0 0.478604 0.493151 0.042793 0.105675
3 0.525338 0.497065 0.050676 0.105675
9 0.309685 0.478474 0.045045 0.107632
5 0.359797 0.482387 0.046171 0.107632
8 0.401464 0.484344 0.041667 0.111546
8 0.439752 0.489237 0.032658 0.117417
6 0.761824 0.715264 0.041667 0.123288
3 0.800113 0.717221 0.037162 0.131115
0 0.315315 0.686888 0.042793 0.105675
4 0.315315 0.580235 0.054054 0.095890
4 0.480856 0.280822 0.036036 0.095890
