0 0.226575 0.282192 0.038402 0.082192
0 0.261905 0.284932 0.038402 0.082192
0 0.304916 0.290411 0.038402 0.082192
0 0.225038 0.378082 0.038402 0.082192
0 0.261905 0.380822 0.038402 0.082192
0 0.309524 0.380822 0.038402 0.082192
0 0.226575 0.471233 0.038402 0.082192
0 0.263441 0.473973 0.038402 0.082192
0 0.452381 0.479452 0.038402 0.082192
0 0.232719 0.663014 0.038402 0.082192
0 0.263441 0.657534 0.038402 0.082192
0 0.301843 0.660274 0.038402 0.082192
0 0.518433 0.671233 0.038402 0.082192
0 0.553763 0.671233 0.038402 0.082192
