0 0.230263 0.291855 0.042105 0.099548
0 0.269737 0.291855 0.042105 0.099548
0 0.319737 0.291855 0.042105 0.099548
0 0.228947 0.391403 0.042105 0.099548
0 0.268421 0.391403 0.042105 0.099548
0 0.319737 0.389140 0.042105 0.099548
0 0.230263 0.490950 0.042105 0.099548
0 0.268421 0.490950 0.042105 0.099548
0 0.469737 0.486425 0.042105 0.099548
0 0.225000 0.676471 0.042105 0.099548
0 0.265789 0.683258 0.042105 0.099548
0 0.309211 0.685520 0.042105 0.099548
0 0.532895 0.676471 0.042105 0.099548
0 0.569737 0.676471 0.042105 0.099548
1 0.400658 0.294118 0.032895 0.090498
1 0.437500 0.398190 0.032895 0.090498
0 0.386184 0.676471 0.025000 0.095023
0 0.350658 0.678733 0.025000 0.095023
0 0.442763 0.678733 0.025000 0.095023
0 0.650658 0.674208 0.025000 0.095023
