0 0.196546 0.241641 0.044408 0.106383
0 0.237664 0.235562 0.044408 0.106383
0 0.288651 0.232523 0.044408 0.106383
0 0.198191 0.344985 0.044408 0.106383
0 0.240954 0.351064 0.044408 0.106383
0 0.203125 0.457447 0.044408 0.106383
0 0.244243 0.457447 0.044408 0.106383
0 0.458059 0.442249 0.044408 0.106383
0 0.208059 0.679331 0.044408 0.106383
0 0.290296 0.668693 0.037829 0.097264
0 0.249178 0.671733 0.037829 0.097264
0 0.535362 0.653495 0.037829 0.097264
0 0.576480 0.650456 0.037829 0.097264
1 0.379112 0.231003 0.027961 0.109422
1 0.421875 0.328267 0.027961 0.109422
1 0.334704 0.671733 0.027961 0.109422
1 0.375822 0.662614 0.027961 0.109422
1 0.435033 0.659574 0.027961 0.109422
1 0.657072 0.635258 0.027961 0.109422
