0 0.180217 0.262315 0.043360 0.096059
0 0.223577 0.259852 0.043360 0.096059
0 0.275068 0.264778 0.043360 0.096059
0 0.184282 0.368227 0.043360 0.096059
0 0.222222 0.368227 0.043360 0.096059
0 0.273713 0.370690 0.043360 0.096059
0 0.178862 0.474138 0.043360 0.096059
0 0.222222 0.474138 0.043360 0.096059
0 0.433604 0.479064 0.043360 0.096059
0 0.182927 0.690887 0.043360 0.096059
0 0.262873 0.688424 0.043360 0.096059
0 0.223577 0.693350 0.043360 0.096059
0 0.502710 0.683498 0.043360 0.096059
0 0.539295 0.683498 0.043360 0.096059
