0 0.195464 0.352031 0.036717 0.108317
0 0.233801 0.351064 0.039957 0.106383
0 0.284557 0.356867 0.039957 0.106383
0 0.198164 0.451644 0.039957 0.106383
0 0.235961 0.455513 0.039957 0.106383
0 0.442225 0.472921 0.039957 0.106383
0 0.196004 0.658607 0.039957 0.106383
0 0.233801 0.660542 0.039957 0.106383
0 0.273758 0.660542 0.039957 0.106383
0 0.504860 0.670213 0.039957 0.106383
0 0.543737 0.670213 0.039957 0.106383
1 0.410367 0.365571 0.021598 0.096712
1 0.318035 0.662476 0.031317 0.106383
1 0.353672 0.668279 0.031317 0.106383
1 0.408747 0.668279 0.031317 0.106383
1 0.622570 0.668279 0.031317 0.106383
