0 0.209244 0.237805 0.042017 0.085366
0 0.247899 0.240854 0.042017 0.085366
0 0.301681 0.243902 0.038655 0.097561
0 0.210924 0.344512 0.038655 0.097561
0 0.249580 0.347561 0.038655 0.097561
0 0.303361 0.347561 0.038655 0.097561
0 0.212605 0.448171 0.038655 0.097561
0 0.254622 0.451220 0.042017 0.097561
0 0.457983 0.454268 0.042017 0.097561
0 0.214286 0.658537 0.042017 0.097561
0 0.254622 0.664634 0.042017 0.097561
0 0.296639 0.664634 0.042017 0.097561
0 0.530252 0.667683 0.042017 0.097561
0 0.568908 0.670732 0.042017 0.097561
