0 0.213939 0.280591 0.047273 0.097046
0 0.256364 0.280591 0.047273 0.097046
0 0.301212 0.276371 0.047273 0.097046
0 0.213939 0.381857 0.047273 0.097046
0 0.255152 0.375527 0.047273 0.097046
0 0.304848 0.375527 0.047273 0.097046
0 0.212727 0.472574 0.047273 0.097046
0 0.266061 0.468354 0.047273 0.097046
0 0.461212 0.468354 0.047273 0.097046
0 0.226667 0.662447 0.046061 0.101266
0 0.260606 0.660338 0.046061 0.101266
0 0.303030 0.664557 0.046061 0.101266
0 0.524848 0.647679 0.046061 0.101266
0 0.562424 0.649789 0.046061 0.101266
1 0.385455 0.273207 0.026667 0.099156
1 0.423030 0.368143 0.026667 0.099156
1 0.341818 0.657173 0.026667 0.099156
1 0.376970 0.659283 0.026667 0.099156
1 0.433939 0.655063 0.026667 0.099156
1 0.637576 0.652954 0.026667 0.099156
