0 0.181197 0.258462 0.041026 0.110769
0 0.218803 0.252308 0.041026 0.110769
0 0.270085 0.255385 0.041026 0.110769
0 0.182906 0.360000 0.041026 0.110769
0 0.222222 0.360000 0.041026 0.110769
0 0.273504 0.366154 0.041026 0.110769
0 0.182906 0.467692 0.041026 0.110769
0 0.225641 0.467692 0.041026 0.110769
0 0.437607 0.470769 0.041026 0.110769
0 0.189744 0.680000 0.041026 0.110769
0 0.230769 0.683077 0.041026 0.110769
0 0.270085 0.680000 0.041026 0.110769
0 0.511111 0.686154 0.041026 0.110769
0 0.550427 0.689231 0.041026 0.110769
