0 0.209437 0.282282 0.038079 0.108108
0 0.249172 0.276276 0.038079 0.108108
0 0.302152 0.279279 0.038079 0.108108
0 0.216060 0.384384 0.038079 0.108108
0 0.252483 0.381381 0.038079 0.108108
0 0.302152 0.381381 0.038079 0.108108
0 0.214404 0.486486 0.038079 0.108108
0 0.255795 0.483483 0.038079 0.108108
0 0.459437 0.492492 0.038079 0.108108
0 0.219371 0.693694 0.038079 0.108108
0 0.257450 0.696697 0.038079 0.108108
0 0.297185 0.693694 0.038079 0.108108
0 0.530629 0.699700 0.038079 0.108108
0 0.568709 0.699700 0.038079 0.108108
