0 0.209283 0.267241 0.037459 0.086207
0 0.209283 0.370690 0.037459 0.086207
0 0.209283 0.468391 0.037459 0.086207
0 0.248371 0.471264 0.037459 0.086207
0 0.250000 0.373563 0.037459 0.086207
0 0.248371 0.267241 0.037459 0.086207
0 0.297231 0.270115 0.037459 0.086207
0 0.298860 0.370690 0.037459 0.086207
0 0.451954 0.468391 0.037459 0.086207
0 0.210912 0.669540 0.037459 0.086207
0 0.248371 0.669540 0.037459 0.086207
0 0.284202 0.669540 0.037459 0.086207
0 0.520358 0.669540 0.037459 0.086207
0 0.559446 0.666667 0.037459 0.086207
