0 0.236782 0.284464 0.036782 0.096280
0 0.273563 0.275711 0.036782 0.096280
0 0.319540 0.269147 0.036782 0.096280
0 0.236782 0.374179 0.036782 0.096280
0 0.273563 0.378556 0.036782 0.096280
0 0.319540 0.378556 0.036782 0.096280
0 0.239080 0.474836 0.036782 0.096280
0 0.278161 0.474836 0.036782 0.096280
0 0.464368 0.472648 0.036782 0.096280
0 0.244828 0.669584 0.036782 0.096280
0 0.280460 0.667396 0.036782 0.096280
0 0.318391 0.673961 0.036782 0.096280
0 0.529885 0.663020 0.036782 0.096280
0 0.565517 0.667396 0.036782 0.096280
