0 0.206871 0.280749 0.042398 0.090909
0 0.244883 0.280749 0.042398 0.090909
0 0.294591 0.280749 0.042398 0.090909
0 0.205409 0.387701 0.042398 0.090909
0 0.249269 0.385027 0.042398 0.090909
0 0.294591 0.382353 0.042398 0.090909
0 0.209795 0.486631 0.042398 0.090909
0 0.250731 0.483957 0.042398 0.090909
0 0.452485 0.478610 0.042398 0.090909
0 0.209795 0.687166 0.042398 0.090909
0 0.250731 0.687166 0.042398 0.090909
0 0.293129 0.681818 0.042398 0.090909
0 0.521199 0.681818 0.042398 0.090909
0 0.562135 0.681818 0.042398 0.090909
1 0.375000 0.274064 0.030702 0.093583
1 0.415936 0.383690 0.030702 0.093583
1 0.329678 0.685829 0.030702 0.093583
1 0.369152 0.683155 0.030702 0.093583
1 0.427632 0.683155 0.030702 0.093583
1 0.638889 0.677807 0.023392 0.104278
