0 0.214664 0.267647 0.047703 0.094118
0 0.253534 0.273529 0.047703 0.094118
0 0.308304 0.276471 0.047703 0.094118
0 0.212898 0.370588 0.047703 0.094118
0 0.253534 0.370588 0.047703 0.094118
0 0.306537 0.373529 0.047703 0.094118
0 0.211131 0.470588 0.047703 0.094118
0 0.258834 0.473529 0.047703 0.094118
0 0.462014 0.480882 0.040636 0.091176
0 0.216431 0.661765 0.047703 0.094118
0 0.256184 0.660294 0.042403 0.097059
0 0.295053 0.660294 0.042403 0.097059
0 0.531802 0.666176 0.042403 0.097059
0 0.565371 0.677941 0.042403 0.097059
1 0.389576 0.279412 0.030035 0.094118
1 0.430212 0.367647 0.030035 0.094118
1 0.336572 0.655882 0.030035 0.094118
1 0.373675 0.655882 0.030035 0.094118
1 0.430212 0.664706 0.030035 0.094118
1 0.643993 0.670588 0.030035 0.094118
