0 0.206161 0.291291 0.042654 0.108108
0 0.245656 0.285285 0.042654 0.108108
0 0.299368 0.285285 0.042654 0.108108
0 0.207741 0.405405 0.042654 0.108108
0 0.247235 0.396396 0.042654 0.108108
0 0.302528 0.396396 0.042654 0.108108
0 0.209321 0.513514 0.042654 0.108108
0 0.218799 0.732733 0.042654 0.096096
0 0.462085 0.489489 0.042654 0.108108
0 0.258294 0.732733 0.042654 0.096096
0 0.296209 0.726727 0.042654 0.096096
0 0.536335 0.702703 0.042654 0.096096
0 0.574250 0.696697 0.042654 0.096096
1 0.386256 0.282282 0.030016 0.108108
1 0.428910 0.387387 0.030016 0.108108
1 0.340442 0.723724 0.030016 0.108108
1 0.376777 0.717718 0.030016 0.108108
1 0.433649 0.714715 0.030016 0.108108
1 0.653239 0.690691 0.030016 0.108108
