0 0.198916 0.257143 0.044892 0.102857
0 0.243808 0.254286 0.044892 0.102857
0 0.291796 0.254286 0.044892 0.102857
0 0.198916 0.362857 0.044892 0.102857
0 0.243808 0.362857 0.044892 0.102857
0 0.293344 0.362857 0.044892 0.102857
0 0.203560 0.471429 0.044892 0.102857
0 0.242260 0.468571 0.044892 0.102857
0 0.458978 0.468571 0.044892 0.102857
0 0.208204 0.688571 0.044892 0.102857
0 0.251548 0.688571 0.044892 0.102857
0 0.294892 0.682857 0.044892 0.102857
0 0.531734 0.677143 0.044892 0.102857
0 0.570433 0.680000 0.044892 0.102857
1 0.377709 0.251429 0.024768 0.108571
1 0.419505 0.351429 0.024768 0.108571
1 0.335913 0.680000 0.024768 0.108571
1 0.371517 0.685714 0.024768 0.108571
1 0.431889 0.688571 0.024768 0.108571
1 0.653251 0.668571 0.024768 0.108571
