0 0.196185 0.249423 0.040872 0.087760
0 0.232970 0.251732 0.040872 0.087760
0 0.283379 0.251732 0.040872 0.087760
0 0.194823 0.348730 0.040872 0.087760
0 0.237057 0.344111 0.040872 0.087760
0 0.284741 0.344111 0.040872 0.087760
0 0.198910 0.441109 0.040872 0.087760
0 0.238420 0.438799 0.040872 0.087760
0 0.438692 0.441109 0.040872 0.087760
0 0.197548 0.628176 0.040872 0.087760
0 0.238420 0.628176 0.040872 0.087760
0 0.276567 0.630485 0.040872 0.087760
0 0.506812 0.630485 0.040872 0.087760
0 0.543597 0.632794 0.040872 0.087760
1 0.367847 0.242494 0.024523 0.078522
1 0.404632 0.348730 0.024523 0.078522
1 0.321526 0.628176 0.024523 0.092379
1 0.356948 0.635104 0.024523 0.092379
1 0.408719 0.632794 0.024523 0.092379
1 0.623297 0.628176 0.028610 0.096998
