0 0.190180 0.246803 0.042877 0.104859
0 0.235823 0.246803 0.042877 0.104859
0 0.284232 0.251918 0.042877 0.104859
0 0.187414 0.364450 0.042877 0.104859
0 0.228907 0.364450 0.042877 0.104859
0 0.284232 0.359335 0.042877 0.104859
0 0.187414 0.476982 0.042877 0.104859
0 0.230290 0.471867 0.042877 0.104859
0 0.443292 0.474425 0.042877 0.104859
0 0.186030 0.686701 0.042877 0.104859
0 0.227524 0.686701 0.042877 0.104859
0 0.271784 0.691816 0.042877 0.104859
0 0.513831 0.686701 0.042877 0.104859
0 0.548409 0.686701 0.042877 0.104859
