0 0.202427 0.279545 0.037037 0.104545
0 0.240741 0.272727 0.037037 0.104545
0 0.293103 0.272727 0.037037 0.104545
0 0.206258 0.381818 0.037037 0.104545
0 0.242018 0.379545 0.037037 0.104545
0 0.294381 0.372727 0.037037 0.104545
0 0.210089 0.479545 0.037037 0.104545
0 0.248404 0.484091 0.037037 0.104545
0 0.452746 0.479545 0.037037 0.104545
0 0.212005 0.678409 0.040868 0.097727
0 0.252874 0.678409 0.040868 0.097727
0 0.293742 0.678409 0.040868 0.097727
0 0.523627 0.676136 0.040868 0.097727
0 0.560664 0.673864 0.040868 0.097727
