0 0.197548 0.267139 0.043597 0.089835
0 0.237057 0.274232 0.043597 0.089835
0 0.196185 0.373522 0.043597 0.089835
0 0.234332 0.375887 0.043597 0.089835
0 0.291553 0.274232 0.043597 0.089835
0 0.291553 0.375887 0.043597 0.089835
0 0.198910 0.472813 0.043597 0.089835
0 0.239782 0.470449 0.043597 0.089835
0 0.193460 0.683215 0.043597 0.089835
0 0.232970 0.680851 0.043597 0.089835
0 0.273842 0.678487 0.043597 0.089835
0 0.514986 0.676123 0.043597 0.089835
0 0.553134 0.673759 0.043597 0.089835
0 0.446866 0.479905 0.043597 0.089835
1 0.376022 0.274232 0.027248 0.089835
1 0.416894 0.378251 0.027248 0.089835
1 0.318801 0.671395 0.027248 0.089835
1 0.359673 0.678487 0.027248 0.089835
1 0.422343 0.673759 0.027248 0.089835
1 0.633515 0.678487 0.027248 0.089835
