0 0.192741 0.266110 0.045056 0.107399
0 0.235294 0.258950 0.045056 0.107399
0 0.285357 0.266110 0.045056 0.107399
0 0.192741 0.368735 0.045056 0.107399
0 0.237797 0.373508 0.045056 0.107399
0 0.284105 0.371122 0.045056 0.107399
0 0.196496 0.480907 0.045056 0.107399
0 0.240300 0.480907 0.045056 0.107399
0 0.445557 0.478520 0.045056 0.107399
0 0.201502 0.686158 0.045056 0.107399
0 0.241552 0.695704 0.045056 0.107399
0 0.279099 0.693317 0.045056 0.107399
0 0.514393 0.678998 0.045056 0.107399
0 0.551940 0.683771 0.045056 0.107399
1 0.369212 0.266110 0.027534 0.112172
1 0.408010 0.361575 0.027534 0.112172
1 0.322904 0.690931 0.027534 0.112172
1 0.361702 0.693317 0.027534 0.112172
1 0.416771 0.688544 0.027534 0.112172
1 0.632040 0.683771 0.027534 0.112172
