0 0.187013 0.248315 0.041558 0.092135
0 0.224675 0.246067 0.041558 0.092135
0 0.275325 0.246067 0.041558 0.092135
0 0.189610 0.342697 0.041558 0.092135
0 0.228571 0.342697 0.041558 0.092135
0 0.276623 0.340449 0.041558 0.092135
0 0.189610 0.437079 0.041558 0.092135
0 0.228571 0.430337 0.041558 0.092135
0 0.427273 0.430337 0.041558 0.092135
0 0.189610 0.623596 0.041558 0.092135
0 0.231169 0.619101 0.041558 0.092135
0 0.267532 0.621348 0.041558 0.092135
0 0.490909 0.621348 0.041558 0.092135
0 0.531169 0.623596 0.041558 0.092135
1 0.354545 0.246067 0.023377 0.083146
1 0.394156 0.341573 0.027273 0.089888
1 0.308442 0.622472 0.027273 0.089888
1 0.346104 0.624719 0.027273 0.089888
1 0.401948 0.624719 0.027273 0.089888
1 0.605844 0.617978 0.027273 0.089888
