0 0.205882 0.266917 0.042781 0.102757
0 0.244652 0.264411 0.042781 0.102757
0 0.295455 0.264411 0.042781 0.102757
0 0.207219 0.372180 0.042781 0.102757
0 0.247326 0.367168 0.042781 0.102757
0 0.296791 0.364662 0.042781 0.102757
0 0.205882 0.474937 0.042781 0.102757
0 0.248663 0.479950 0.042781 0.102757
0 0.454545 0.469925 0.042781 0.102757
0 0.212567 0.685464 0.042781 0.102757
0 0.251337 0.685464 0.042781 0.102757
0 0.295455 0.682957 0.042781 0.102757
0 0.521390 0.672932 0.042781 0.102757
0 0.562834 0.670426 0.042781 0.102757
