0 0.201342 0.277778 0.043624 0.093567
0 0.241611 0.283626 0.043624 0.093567
0 0.293624 0.277778 0.043624 0.093567
0 0.197987 0.385965 0.043624 0.093567
0 0.238255 0.385965 0.043624 0.093567
0 0.296980 0.385965 0.043624 0.093567
0 0.199664 0.491228 0.043624 0.093567
0 0.243289 0.497076 0.043624 0.093567
0 0.458054 0.485380 0.043624 0.093567
0 0.203020 0.704678 0.043624 0.093567
0 0.241611 0.701754 0.043624 0.093567
0 0.283557 0.698830 0.043624 0.093567
0 0.530201 0.692982 0.043624 0.093567
0 0.570470 0.692982 0.043624 0.093567
1 0.385906 0.277778 0.023490 0.093567
1 0.426174 0.383041 0.023490 0.093567
1 0.329698 0.695906 0.028523 0.099415
1 0.368289 0.695906 0.028523 0.099415
1 0.428691 0.701754 0.028523 0.099415
1 0.655201 0.695906 0.028523 0.099415
