0 0.208159 0.271028 0.043933 0.093458
0 0.250000 0.276636 0.043933 0.093458
0 0.305439 0.278505 0.043933 0.093458
0 0.206067 0.370093 0.043933 0.093458
0 0.251046 0.373832 0.043933 0.093458
0 0.306485 0.379439 0.043933 0.093458
0 0.212343 0.469159 0.043933 0.093458
0 0.257322 0.472897 0.043933 0.093458
0 0.462343 0.476636 0.043933 0.093458
0 0.217573 0.667290 0.043933 0.093458
0 0.253138 0.667290 0.043933 0.093458
0 0.296025 0.665421 0.043933 0.093458
1 0.387552 0.275701 0.028243 0.095327
1 0.430439 0.371028 0.028243 0.095327
1 0.341527 0.660748 0.028243 0.095327
1 0.371862 0.666355 0.028243 0.095327
1 0.434623 0.668224 0.028243 0.095327
1 0.635460 0.662617 0.028243 0.095327
