0 0.209890 0.260601 0.039560 0.090106
0 0.248352 0.265901 0.039560 0.090106
0 0.297802 0.278269 0.039560 0.090106
0 0.206593 0.352473 0.039560 0.090106
0 0.243956 0.357774 0.039560 0.090106
0 0.295604 0.363074 0.039560 0.090106
0 0.206593 0.433746 0.039560 0.090106
0 0.241758 0.446113 0.039560 0.090106
0 0.439560 0.472615 0.039560 0.090106
0 0.203297 0.615724 0.039560 0.090106
0 0.237363 0.615724 0.039560 0.090106
0 0.273626 0.622792 0.039560 0.090106
0 0.487912 0.647527 0.039560 0.090106
0 0.525275 0.654594 0.039560 0.090106
1 0.378022 0.281802 0.024176 0.079505
1 0.412088 0.378975 0.024176 0.079505
1 0.316484 0.621025 0.024176 0.079505
1 0.351648 0.626325 0.024176 0.079505
1 0.404396 0.629859 0.024176 0.079505
1 0.597802 0.658127 0.024176 0.079505
