0 0.204330 0.258950 0.043302 0.107399
0 0.243572 0.261337 0.043302 0.107399
0 0.297700 0.266110 0.043302 0.107399
0 0.202977 0.359189 0.043302 0.107399
0 0.242219 0.361575 0.043302 0.107399
0 0.296346 0.359189 0.043302 0.107399
0 0.200271 0.471360 0.043302 0.107399
0 0.242219 0.466587 0.043302 0.107399
0 0.200271 0.674224 0.043302 0.107399
0 0.246279 0.674224 0.043302 0.107399
0 0.285521 0.676611 0.043302 0.107399
0 0.519621 0.669451 0.043302 0.107399
0 0.558863 0.671838 0.043302 0.107399
0 0.451962 0.468974 0.043302 0.107399
1 0.378890 0.262530 0.024357 0.105012
1 0.420839 0.367542 0.024357 0.105012
1 0.323410 0.677804 0.024357 0.105012
1 0.362652 0.668258 0.024357 0.105012
1 0.420839 0.673031 0.024357 0.105012
1 0.637348 0.668258 0.024357 0.105012
