0 0.213757 0.304775 0.036982 0.103933
0 0.249260 0.304775 0.036982 0.103933
0 0.301036 0.296348 0.036982 0.103933
0 0.215237 0.411517 0.036982 0.103933
0 0.249260 0.411517 0.036982 0.103933
0 0.303994 0.408708 0.036982 0.103933
0 0.215237 0.518258 0.036982 0.103933
0 0.255178 0.515449 0.036982 0.103933
0 0.457840 0.501404 0.036982 0.103933
0 0.222633 0.728933 0.036982 0.103933
0 0.261095 0.731742 0.036982 0.103933
0 0.299556 0.731742 0.036982 0.103933
0 0.525888 0.698034 0.036982 0.103933
0 0.564349 0.695225 0.036982 0.103933
1 0.381657 0.292135 0.023669 0.095506
1 0.426036 0.393258 0.023669 0.095506
1 0.433432 0.707865 0.023669 0.095506
1 0.375740 0.721910 0.023669 0.095506
1 0.340237 0.721910 0.023669 0.095506
1 0.640533 0.691011 0.023669 0.095506
