0 0.205047 0.307902 0.044164 0.092643
0 0.247634 0.305177 0.044164 0.092643
0 0.296530 0.299728 0.044164 0.092643
0 0.209779 0.411444 0.044164 0.092643
0 0.249211 0.403270 0.044164 0.092643
0 0.302839 0.400545 0.044164 0.092643
0 0.211356 0.514986 0.044164 0.092643
0 0.252366 0.504087 0.044164 0.092643
0 0.462145 0.482289 0.044164 0.092643
0 0.216088 0.700272 0.044164 0.092643
0 0.257098 0.702997 0.044164 0.092643
0 0.302839 0.694823 0.044164 0.092643
0 0.534700 0.667575 0.037855 0.098093
0 0.575710 0.662125 0.037855 0.098093
