0 0.207537 0.258897 0.041620 0.090747
0 0.248031 0.262456 0.041620 0.090747
0 0.299775 0.269573 0.041620 0.090747
0 0.204162 0.347865 0.041620 0.090747
0 0.245782 0.358541 0.041620 0.090747
0 0.296400 0.360320 0.041620 0.090747
0 0.203037 0.445730 0.041620 0.090747
0 0.242407 0.445730 0.041620 0.090747
0 0.197413 0.616548 0.041620 0.090747
0 0.234533 0.620107 0.041620 0.090747
0 0.277278 0.630783 0.041620 0.090747
0 0.446007 0.470641 0.041620 0.090747
0 0.494376 0.643238 0.041620 0.090747
0 0.531496 0.648577 0.041620 0.090747
