0 0.211888 0.270408 0.037762 0.112245
0 0.253846 0.275510 0.037762 0.112245
0 0.308392 0.278061 0.037762 0.112245
0 0.213287 0.380102 0.037762 0.112245
0 0.252448 0.380102 0.037762 0.112245
0 0.309790 0.387755 0.037762 0.112245
0 0.210490 0.489796 0.037762 0.112245
0 0.249650 0.492347 0.037762 0.112245
0 0.465035 0.497449 0.037762 0.112245
0 0.213287 0.706633 0.037762 0.112245
0 0.252448 0.709184 0.037762 0.112245
0 0.293007 0.709184 0.037762 0.112245
0 0.533566 0.709184 0.037762 0.112245
0 0.572727 0.709184 0.037762 0.112245
1 0.394406 0.276786 0.027972 0.109694
1 0.434965 0.381378 0.027972 0.109694
1 0.332867 0.705357 0.027972 0.109694
1 0.373427 0.702806 0.027972 0.109694
1 0.430769 0.705357 0.027972 0.109694
1 0.653147 0.705357 0.027972 0.109694
