0 0.211604 0.277778 0.040956 0.099415
0 0.252560 0.280702 0.040956 0.099415
0 0.303754 0.283626 0.040956 0.099415
0 0.252560 0.388889 0.040956 0.099415
0 0.211604 0.383041 0.040956 0.099415
0 0.300341 0.388889 0.040956 0.099415
0 0.211604 0.485380 0.040956 0.099415
0 0.252560 0.491228 0.040956 0.099415
0 0.459044 0.482456 0.040956 0.099415
0 0.213311 0.678363 0.040956 0.099415
0 0.250853 0.675439 0.040956 0.099415
0 0.288396 0.684211 0.040956 0.099415
0 0.523891 0.687135 0.040956 0.099415
0 0.564846 0.687135 0.040956 0.099415
1 0.386519 0.292398 0.025597 0.099415
1 0.422355 0.383041 0.025597 0.099415
1 0.331911 0.675439 0.025597 0.099415
1 0.371160 0.684211 0.025597 0.099415
1 0.430887 0.687135 0.025597 0.099415
1 0.640785 0.684211 0.025597 0.099415
