0 0.209786 0.257370 0.041555 0.102041
0 0.248660 0.264172 0.041555 0.102041
0 0.300938 0.264172 0.041555 0.102041
0 0.208445 0.354875 0.041555 0.102041
0 0.247319 0.357143 0.041555 0.102041
0 0.299598 0.363946 0.041555 0.102041
0 0.207105 0.456916 0.041555 0.102041
0 0.247319 0.459184 0.041555 0.102041
0 0.457775 0.459184 0.041555 0.102041
0 0.204424 0.651927 0.041555 0.102041
0 0.245979 0.649660 0.041555 0.102041
0 0.288874 0.651927 0.041555 0.102041
0 0.516756 0.647392 0.041555 0.102041
0 0.558311 0.651927 0.041555 0.102041
