0 0.205128 0.274862 0.036199 0.102210
0 0.242836 0.274862 0.036199 0.102210
0 0.295626 0.274862 0.036199 0.102210
0 0.205128 0.379834 0.036199 0.102210
0 0.242836 0.377072 0.036199 0.102210
0 0.297134 0.374309 0.036199 0.102210
0 0.205128 0.484807 0.036199 0.102210
0 0.242836 0.482044 0.036199 0.102210
0 0.449472 0.468232 0.036199 0.102210
0 0.206637 0.680939 0.036199 0.102210
0 0.244344 0.680939 0.036199 0.102210
0 0.282051 0.686464 0.036199 0.102210
0 0.517345 0.672652 0.036199 0.102210
0 0.553544 0.669890 0.036199 0.102210
1 0.380090 0.266575 0.024133 0.113260
1 0.414781 0.363260 0.024133 0.113260
1 0.328808 0.669890 0.024133 0.113260
1 0.368024 0.672652 0.024133 0.113260
1 0.420814 0.669890 0.024133 0.113260
1 0.628959 0.656077 0.024133 0.113260
