0 0.225581 0.282258 0.041860 0.096774
0 0.264341 0.284946 0.041860 0.096774
0 0.321705 0.279570 0.041860 0.096774
0 0.225581 0.389785 0.041860 0.096774
0 0.268992 0.389785 0.041860 0.096774
0 0.321705 0.381720 0.041860 0.096774
0 0.228682 0.486559 0.041860 0.096774
0 0.268992 0.489247 0.041860 0.096774
0 0.481395 0.475806 0.041860 0.096774
0 0.228682 0.693548 0.041860 0.096774
0 0.270543 0.693548 0.041860 0.096774
0 0.312403 0.693548 0.041860 0.096774
0 0.546512 0.666667 0.041860 0.096774
0 0.586822 0.672043 0.041860 0.096774
1 0.404651 0.278226 0.027907 0.094086
1 0.443411 0.375000 0.027907 0.094086
1 0.356589 0.686828 0.027907 0.094086
1 0.390698 0.684140 0.027907 0.094086
1 0.449612 0.681452 0.027907 0.094086
1 0.671318 0.668011 0.027907 0.094086
