0 0.200521 0.276786 0.039931 0.095238
0 0.236979 0.279762 0.039931 0.095238
0 0.289062 0.279762 0.039931 0.095238
0 0.198785 0.377976 0.039931 0.095238
0 0.240451 0.380952 0.039931 0.095238
0 0.292535 0.383929 0.039931 0.095238
0 0.200521 0.479167 0.039931 0.095238
0 0.242188 0.482143 0.039931 0.095238
0 0.448785 0.485119 0.039931 0.095238
0 0.203993 0.672619 0.039931 0.095238
0 0.242188 0.675595 0.039931 0.095238
0 0.283854 0.675595 0.039931 0.095238
0 0.514757 0.681548 0.039931 0.095238
0 0.552951 0.681548 0.039931 0.095238
