0 0.192890 0.297872 0.040847 0.109422
0 0.232224 0.297872 0.040847 0.109422
0 0.285174 0.291793 0.040847 0.109422
0 0.194402 0.410334 0.040847 0.109422
0 0.236762 0.413374 0.040847 0.109422
0 0.286687 0.404255 0.040847 0.109422
0 0.195915 0.531915 0.040847 0.109422
0 0.235250 0.528875 0.040847 0.109422
0 0.437973 0.501520 0.040847 0.109422
0 0.200454 0.750760 0.040847 0.109422
0 0.239788 0.747720 0.040847 0.109422
0 0.276097 0.747720 0.040847 0.109422
0 0.503026 0.723404 0.040847 0.109422
0 0.540847 0.720365 0.040847 0.109422
1 0.363843 0.287234 0.028744 0.112462
1 0.401664 0.393617 0.028744 0.112462
1 0.317700 0.735562 0.024206 0.121581
1 0.352496 0.735562 0.024206 0.121581
1 0.411498 0.729483 0.024206 0.121581
1 0.617247 0.705167 0.024206 0.121581
