0 0.219595 0.283565 0.039189 0.104167
0 0.257432 0.285880 0.039189 0.104167
0 0.311486 0.288194 0.039189 0.104167
0 0.216892 0.383102 0.039189 0.104167
0 0.254730 0.390046 0.039189 0.104167
0 0.308784 0.396991 0.039189 0.104167
0 0.215541 0.478009 0.039189 0.104167
0 0.254730 0.484954 0.039189 0.104167
0 0.462838 0.491898 0.039189 0.104167
0 0.212838 0.679398 0.039189 0.104167
0 0.254730 0.677083 0.039189 0.104167
0 0.291216 0.679398 0.039189 0.104167
0 0.525000 0.684028 0.039189 0.104167
0 0.560135 0.688657 0.039189 0.104167
