0 0.194545 0.265176 0.040000 0.089457
0 0.236364 0.261981 0.040000 0.089457
0 0.289091 0.268371 0.040000 0.089457
0 0.196364 0.370607 0.040000 0.089457
0 0.234545 0.376997 0.040000 0.089457
0 0.289091 0.373802 0.040000 0.089457
0 0.196364 0.482428 0.040000 0.089457
0 0.236364 0.479233 0.040000 0.089457
0 0.450909 0.485623 0.040000 0.089457
0 0.201818 0.690096 0.040000 0.089457
0 0.238182 0.686901 0.040000 0.089457
0 0.280000 0.686901 0.040000 0.089457
0 0.525455 0.693291 0.040000 0.089457
0 0.563636 0.696486 0.040000 0.089457
1 0.379091 0.268371 0.030909 0.102236
1 0.415455 0.376997 0.030909 0.102236
1 0.324545 0.686901 0.030909 0.102236
1 0.364545 0.686901 0.030909 0.102236
1 0.424545 0.690096 0.030909 0.102236
1 0.651818 0.696486 0.030909 0.102236
