0 0.185070 0.290230 0.043546 0.103448
0 0.225505 0.290230 0.043546 0.103448
0 0.281493 0.278736 0.043546 0.103448
0 0.183515 0.399425 0.043546 0.103448
0 0.228616 0.399425 0.043546 0.103448
0 0.283048 0.385057 0.043546 0.103448
0 0.188180 0.505747 0.043546 0.103448
0 0.230171 0.502874 0.043546 0.103448
0 0.444790 0.488506 0.043546 0.103448
0 0.189736 0.724138 0.043546 0.103448
0 0.231726 0.721264 0.043546 0.103448
0 0.273717 0.718391 0.043546 0.103448
0 0.511664 0.692529 0.043546 0.103448
0 0.552100 0.686782 0.043546 0.103448
1 0.364697 0.272989 0.029549 0.109195
1 0.405132 0.373563 0.029549 0.109195
1 0.316485 0.706897 0.029549 0.109195
1 0.349145 0.706897 0.029549 0.109195
1 0.417574 0.689655 0.029549 0.109195
1 0.630638 0.669540 0.029549 0.109195
