0 0.207535 0.270510 0.042146 0.119734
0 0.249681 0.272727 0.042146 0.119734
0 0.290549 0.272727 0.042146 0.119734
0 0.212644 0.363636 0.042146 0.119734
0 0.247126 0.363636 0.042146 0.119734
0 0.295658 0.363636 0.042146 0.119734
0 0.212644 0.460089 0.044700 0.099778
0 0.247126 0.468958 0.044700 0.099778
0 0.448914 0.457871 0.044700 0.099778
0 0.203704 0.655211 0.044700 0.099778
0 0.245849 0.657428 0.044700 0.099778
0 0.284163 0.657428 0.044700 0.099778
0 0.511494 0.650776 0.044700 0.099778
0 0.556194 0.652993 0.044700 0.099778
1 0.376756 0.268293 0.028097 0.093126
1 0.413793 0.361419 0.028097 0.093126
1 0.329502 0.649667 0.028097 0.093126
1 0.365262 0.656319 0.028097 0.093126
1 0.421456 0.656319 0.028097 0.093126
1 0.629630 0.660754 0.028097 0.093126
