0 0.203247 0.253149 0.040260 0.123426
0 0.243506 0.250630 0.040260 0.123426
0 0.207143 0.371537 0.040260 0.123426
0 0.243506 0.369018 0.040260 0.123426
0 0.208442 0.474811 0.040260 0.123426
0 0.244805 0.467254 0.040260 0.123426
0 0.292857 0.255668 0.040260 0.123426
0 0.292857 0.361461 0.040260 0.123426
0 0.455195 0.472292 0.040260 0.123426
0 0.212338 0.698992 0.040260 0.123426
0 0.251299 0.696474 0.040260 0.123426
0 0.292857 0.698992 0.040260 0.123426
0 0.527922 0.683879 0.040260 0.123426
0 0.564286 0.686398 0.040260 0.123426
