0 0.204663 0.271429 0.039724 0.098413
0 0.244387 0.271429 0.039724 0.098413
0 0.297927 0.265079 0.039724 0.098413
0 0.204663 0.382540 0.039724 0.098413
0 0.246114 0.376190 0.039724 0.098413
0 0.299655 0.376190 0.039724 0.098413
0 0.208117 0.487302 0.039724 0.098413
0 0.247841 0.487302 0.039724 0.098413
0 0.462003 0.477778 0.039724 0.098413
0 0.249568 0.709524 0.039724 0.098413
0 0.211572 0.712698 0.039724 0.098413
0 0.291019 0.700000 0.039724 0.098413
0 0.534542 0.687302 0.039724 0.098413
0 0.572539 0.684127 0.039724 0.098413
