0 0.203497 0.253989 0.043357 0.103723
0 0.242657 0.253989 0.043357 0.103723
0 0.293007 0.251330 0.043357 0.103723
0 0.202098 0.365691 0.043357 0.103723
0 0.246853 0.365691 0.043357 0.103723
0 0.300000 0.368351 0.043357 0.103723
0 0.204895 0.474734 0.043357 0.103723
0 0.248252 0.480053 0.043357 0.103723
0 0.458042 0.472074 0.043357 0.103723
0 0.209091 0.695479 0.043357 0.103723
0 0.249650 0.692819 0.043357 0.103723
0 0.287413 0.695479 0.043357 0.103723
0 0.529371 0.692819 0.043357 0.103723
0 0.568531 0.695479 0.043357 0.103723
1 0.379720 0.253989 0.023776 0.130319
1 0.421678 0.347074 0.023776 0.130319
1 0.330769 0.698138 0.023776 0.114362
1 0.372727 0.692819 0.023776 0.114362
1 0.431469 0.690160 0.023776 0.114362
1 0.652448 0.695479 0.023776 0.114362
