0 0.187368 0.252595 0.046316 0.093426
0 0.228421 0.256055 0.046316 0.093426
0 0.280000 0.261246 0.046316 0.093426
0 0.182105 0.347751 0.046316 0.093426
0 0.227368 0.351211 0.046316 0.093426
0 0.271579 0.361592 0.046316 0.093426
0 0.178947 0.437716 0.046316 0.093426
0 0.222105 0.444637 0.046316 0.093426
0 0.177895 0.621107 0.040000 0.089965
0 0.427368 0.472318 0.040000 0.089965
0 0.215789 0.619377 0.040000 0.089965
0 0.254737 0.629758 0.040000 0.089965
0 0.475789 0.664360 0.040000 0.089965
0 0.516842 0.678201 0.040000 0.089965
