0 0.212295 0.314241 0.040984 0.102167
0 0.251639 0.314241 0.040984 0.102167
0 0.302459 0.314241 0.040984 0.102167
0 0.213934 0.422601 0.040984 0.102167
0 0.256557 0.422601 0.040984 0.102167
0 0.312295 0.416409 0.040984 0.102167
0 0.220492 0.537152 0.040984 0.102167
0 0.259836 0.534056 0.040984 0.102167
0 0.468033 0.521672 0.040984 0.102167
0 0.217213 0.753870 0.040984 0.102167
0 0.261475 0.747678 0.040984 0.102167
0 0.299180 0.744582 0.040984 0.102167
0 0.543443 0.732198 0.040984 0.102167
0 0.582787 0.729102 0.040984 0.102167
1 0.387705 0.300310 0.024590 0.111455
1 0.430328 0.402477 0.024590 0.111455
1 0.346721 0.743034 0.024590 0.111455
1 0.384426 0.739938 0.024590 0.111455
1 0.441803 0.733746 0.024590 0.111455
1 0.663115 0.712074 0.024590 0.111455
