0 0.188822 0.237968 0.042296 0.090909
0 0.228097 0.237968 0.042296 0.090909
0 0.188822 0.344920 0.042296 0.090909
0 0.228097 0.339572 0.042296 0.090909
0 0.280967 0.243316 0.042296 0.090909
0 0.279456 0.347594 0.042296 0.090909
0 0.187311 0.443850 0.042296 0.090909
0 0.229607 0.441176 0.042296 0.090909
0 0.436556 0.457219 0.042296 0.090909
0 0.185801 0.647059 0.042296 0.090909
0 0.225076 0.644385 0.042296 0.090909
0 0.264350 0.649733 0.042296 0.090909
0 0.506042 0.668449 0.042296 0.090909
0 0.545317 0.671123 0.042296 0.090909
1 0.361027 0.243316 0.027190 0.101604
1 0.403323 0.342246 0.027190 0.101604
1 0.309668 0.652406 0.027190 0.101604
1 0.348943 0.652406 0.027190 0.101604
1 0.404834 0.663102 0.027190 0.101604
1 0.628399 0.673797 0.027190 0.101604
