0 0.208010 0.281250 0.041344 0.086538
0 0.244186 0.276442 0.041344 0.086538
0 0.294574 0.274038 0.041344 0.086538
0 0.206718 0.379808 0.041344 0.086538
0 0.246770 0.382212 0.041344 0.086538
0 0.295866 0.382212 0.041344 0.086538
0 0.208010 0.485577 0.041344 0.086538
0 0.248062 0.485577 0.041344 0.086538
0 0.448320 0.480769 0.041344 0.086538
0 0.214470 0.687500 0.041344 0.086538
0 0.253230 0.685096 0.041344 0.086538
0 0.291990 0.687500 0.041344 0.086538
0 0.518088 0.680288 0.041344 0.086538
0 0.558140 0.680288 0.041344 0.086538
