0 0.201780 0.243842 0.041543 0.083744
0 0.238872 0.248768 0.041543 0.083744
0 0.289318 0.243842 0.041543 0.083744
0 0.198813 0.339901 0.041543 0.083744
0 0.241840 0.339901 0.041543 0.083744
0 0.289318 0.337438 0.041543 0.083744
0 0.201780 0.438424 0.041543 0.083744
0 0.241840 0.433498 0.041543 0.083744
0 0.448071 0.445813 0.041543 0.083744
0 0.198813 0.625616 0.041543 0.083744
0 0.241840 0.628079 0.041543 0.083744
0 0.281899 0.628079 0.041543 0.083744
0 0.517804 0.633005 0.041543 0.083744
0 0.554896 0.635468 0.041543 0.083744
1 0.375371 0.253695 0.026706 0.088670
1 0.412463 0.342365 0.026706 0.088670
1 0.323442 0.628079 0.026706 0.088670
1 0.360534 0.628079 0.026706 0.088670
1 0.421365 0.633005 0.026706 0.088670
1 0.643917 0.640394 0.026706 0.088670
