0 0.208686 0.275568 0.048729 0.100379
0 0.251059 0.277462 0.048729 0.100379
0 0.307203 0.277462 0.048729 0.100379
0 0.204449 0.383523 0.048729 0.100379
0 0.253178 0.385417 0.048729 0.100379
0 0.304025 0.387311 0.048729 0.100379
0 0.203390 0.485795 0.048729 0.100379
0 0.255297 0.489583 0.048729 0.100379
0 0.463983 0.504735 0.048729 0.100379
0 0.204449 0.696023 0.048729 0.100379
0 0.245763 0.696023 0.048729 0.100379
0 0.294492 0.699811 0.048729 0.100379
0 0.525953 0.701705 0.034958 0.100379
0 0.561970 0.703598 0.034958 0.100379
