0 0.198126 0.255474 0.040161 0.097324
0 0.234270 0.257908 0.040161 0.097324
0 0.285141 0.257908 0.040161 0.097324
0 0.199465 0.352798 0.040161 0.097324
0 0.238286 0.355231 0.040161 0.097324
0 0.283802 0.357664 0.040161 0.097324
0 0.198126 0.447689 0.040161 0.097324
0 0.236948 0.450122 0.040161 0.097324
0 0.433735 0.464720 0.040161 0.097324
0 0.199465 0.644769 0.040161 0.097324
0 0.238286 0.644769 0.040161 0.097324
0 0.275770 0.644769 0.040161 0.097324
0 0.497992 0.659367 0.040161 0.097324
0 0.535475 0.661800 0.040161 0.097324
