0 0.203438 0.253197 0.042980 0.107417
0 0.243553 0.253197 0.042980 0.107417
0 0.295129 0.260870 0.042980 0.107417
0 0.203438 0.358056 0.042980 0.107417
0 0.247851 0.358056 0.042980 0.107417
0 0.293696 0.365729 0.042980 0.107417
0 0.206304 0.460358 0.042980 0.107417
0 0.247851 0.460358 0.042980 0.107417
0 0.452722 0.457801 0.042980 0.107417
0 0.207736 0.670077 0.042980 0.107417
0 0.246418 0.664962 0.042980 0.107417
0 0.524355 0.672634 0.042980 0.107417
0 0.563037 0.675192 0.042980 0.107417
1 0.382521 0.251918 0.025788 0.109974
1 0.421203 0.354220 0.025788 0.109974
1 0.335244 0.658568 0.025788 0.109974
1 0.366762 0.663683 0.025788 0.109974
1 0.424069 0.668798 0.025788 0.109974
1 0.647564 0.673913 0.025788 0.109974
