0 0.184764 0.256579 0.043783 0.111842
0 0.223292 0.256579 0.043783 0.111842
0 0.281086 0.263158 0.043783 0.111842
0 0.183012 0.361842 0.043783 0.111842
0 0.223292 0.368421 0.043783 0.111842
0 0.279335 0.378289 0.043783 0.111842
0 0.184764 0.480263 0.043783 0.111842
0 0.225044 0.486842 0.043783 0.111842
0 0.438704 0.490132 0.043783 0.111842
0 0.184764 0.703947 0.043783 0.111842
0 0.230298 0.703947 0.043783 0.111842
0 0.267075 0.703947 0.043783 0.111842
0 0.508757 0.703947 0.043783 0.111842
0 0.545534 0.710526 0.043783 0.111842
1 0.314361 0.703947 0.026270 0.118421
1 0.347636 0.700658 0.026270 0.118421
1 0.408932 0.703947 0.026270 0.118421
1 0.403678 0.361842 0.026270 0.118421
1 0.363398 0.263158 0.026270 0.118421
1 0.629597 0.703947 0.026270 0.118421
