0 0.200272 0.257720 0.040872 0.097387
0 0.239782 0.260095 0.040872 0.097387
0 0.290191 0.260095 0.040872 0.097387
0 0.200272 0.355107 0.040872 0.097387
0 0.234332 0.357482 0.040872 0.097387
0 0.287466 0.359857 0.040872 0.097387
0 0.201635 0.447743 0.040872 0.097387
0 0.237057 0.452494 0.040872 0.097387
0 0.438692 0.459620 0.040872 0.097387
0 0.200272 0.640143 0.040872 0.097387
0 0.239782 0.647268 0.040872 0.097387
0 0.282016 0.644893 0.040872 0.097387
0 0.506812 0.654394 0.040872 0.097387
0 0.544959 0.654394 0.040872 0.097387
1 0.365123 0.260095 0.024523 0.092637
1 0.405995 0.355107 0.024523 0.092637
1 0.319482 0.644893 0.025886 0.102138
1 0.354223 0.637767 0.024523 0.092637
1 0.411444 0.640143 0.024523 0.092637
1 0.626703 0.656770 0.024523 0.092637
