0 0.197793 0.250000 0.042445 0.105096
0 0.236842 0.246815 0.042445 0.105096
0 0.287776 0.246815 0.042445 0.105096
0 0.197793 0.358280 0.042445 0.105096
0 0.289474 0.361465 0.042445 0.105096
0 0.240238 0.358280 0.042445 0.105096
0 0.199491 0.472930 0.042445 0.105096
0 0.240238 0.472930 0.042445 0.105096
0 0.452462 0.466561 0.042445 0.105096
0 0.201188 0.695860 0.042445 0.105096
0 0.240238 0.695860 0.042445 0.105096
0 0.286078 0.692675 0.042445 0.105096
0 0.523769 0.695860 0.042445 0.105096
0 0.564516 0.695860 0.042445 0.105096
1 0.373514 0.250000 0.027165 0.105096
1 0.414261 0.348726 0.027165 0.105096
1 0.325976 0.689490 0.027165 0.105096
1 0.361630 0.689490 0.027165 0.105096
1 0.426146 0.689490 0.027165 0.105096
1 0.648557 0.695860 0.027165 0.105096
