0 0.228709 0.257506 0.042582 0.094688
0 0.271291 0.255196 0.042582 0.094688
0 0.317995 0.250577 0.042582 0.094688
0 0.230082 0.349885 0.042582 0.094688
0 0.272665 0.352194 0.042582 0.094688
0 0.319368 0.352194 0.042582 0.094688
0 0.231456 0.446882 0.042582 0.094688
0 0.269918 0.449192 0.042582 0.094688
0 0.471841 0.442263 0.042582 0.094688
0 0.238324 0.627021 0.042582 0.094688
0 0.276786 0.627021 0.042582 0.094688
0 0.317995 0.629330 0.042582 0.094688
0 0.541896 0.631640 0.042582 0.094688
0 0.580357 0.631640 0.042582 0.094688
1 0.435440 0.347575 0.030220 0.090069
1 0.396978 0.255196 0.030220 0.090069
1 0.355769 0.629330 0.030220 0.090069
1 0.387363 0.629330 0.030220 0.090069
1 0.446429 0.624711 0.030220 0.090069
1 0.660714 0.624711 0.030220 0.090069
