0 0.190230 0.253425 0.042529 0.091977
0 0.231609 0.255382 0.042529 0.091977
0 0.291379 0.261252 0.042529 0.091977
0 0.189080 0.351272 0.042529 0.091977
0 0.231609 0.359100 0.042529 0.091977
0 0.286782 0.361057 0.042529 0.091977
0 0.190230 0.454990 0.042529 0.091977
0 0.229885 0.453033 0.043678 0.103718
0 0.449425 0.476517 0.043678 0.103718
0 0.189655 0.650685 0.043678 0.103718
0 0.232184 0.652642 0.043678 0.103718
0 0.268966 0.656556 0.043678 0.103718
0 0.508046 0.681996 0.043678 0.103718
0 0.549425 0.680039 0.034483 0.099804
1 0.374713 0.272016 0.025287 0.101761
1 0.411494 0.373777 0.025287 0.101761
1 0.314943 0.669276 0.025287 0.101761
1 0.355172 0.673190 0.025287 0.101761
1 0.412644 0.665362 0.025287 0.101761
1 0.626437 0.688845 0.025287 0.101761
