0 0.209478 0.272727 0.042582 0.106952
0 0.246566 0.270053 0.042582 0.106952
0 0.294643 0.267380 0.042582 0.106952
0 0.208104 0.385027 0.042582 0.106952
0 0.246566 0.377005 0.042582 0.106952
0 0.300137 0.379679 0.042582 0.106952
0 0.212225 0.483957 0.042582 0.106952
0 0.249313 0.483957 0.042582 0.106952
0 0.441621 0.481283 0.042582 0.106952
0 0.216346 0.687166 0.042582 0.106952
0 0.252060 0.692513 0.042582 0.106952
0 0.290522 0.687166 0.042582 0.106952
0 0.508929 0.679144 0.042582 0.106952
0 0.547390 0.684492 0.042582 0.106952
