0 0.200000 0.265046 0.041290 0.094907
0 0.240000 0.260417 0.041290 0.094907
0 0.286452 0.260417 0.041290 0.094907
0 0.205161 0.369213 0.041290 0.094907
0 0.240000 0.364583 0.041290 0.094907
0 0.291613 0.366898 0.041290 0.094907
0 0.205161 0.468750 0.041290 0.094907
0 0.247742 0.459491 0.041290 0.094907
0 0.446452 0.464120 0.041290 0.094907
0 0.211613 0.663194 0.041290 0.094907
0 0.250323 0.663194 0.041290 0.094907
0 0.290323 0.663194 0.041290 0.094907
0 0.518710 0.658565 0.041290 0.094907
0 0.557419 0.658565 0.041290 0.094907
1 0.369677 0.253472 0.021935 0.094907
1 0.412258 0.357639 0.021935 0.094907
1 0.330968 0.663194 0.021935 0.094907
1 0.365161 0.664352 0.020645 0.101852
1 0.422581 0.665509 0.021935 0.094907
1 0.634839 0.653935 0.028387 0.099537
