0 0.211128 0.258380 0.041159 0.092179
0 0.249238 0.258380 0.041159 0.092179
0 0.296494 0.258380 0.041159 0.092179
0 0.209604 0.353352 0.041159 0.092179
0 0.249238 0.353352 0.041159 0.092179
0 0.298018 0.358939 0.041159 0.092179
0 0.211128 0.459497 0.041159 0.092179
0 0.249238 0.459497 0.041159 0.092179
0 0.442835 0.459497 0.041159 0.092179
0 0.214177 0.652235 0.035061 0.081006
0 0.253811 0.649441 0.035061 0.081006
0 0.290396 0.657821 0.035061 0.081006
0 0.512957 0.657821 0.035061 0.081006
0 0.550305 0.655028 0.039634 0.081006
1 0.374238 0.255587 0.019817 0.086592
1 0.413872 0.356145 0.019817 0.086592
1 0.330030 0.652235 0.019817 0.086592
1 0.368140 0.652235 0.019817 0.086592
1 0.421494 0.657821 0.019817 0.086592
1 0.630335 0.660615 0.019817 0.086592
