0 0.192846 0.281421 0.043546 0.098361
0 0.228616 0.281421 0.043546 0.098361
0 0.287714 0.275956 0.043546 0.098361
0 0.192846 0.393443 0.043546 0.098361
0 0.234837 0.390710 0.037325 0.098361
0 0.287714 0.382514 0.037325 0.098361
0 0.197512 0.494536 0.037325 0.098361
0 0.239502 0.489071 0.037325 0.098361
0 0.451011 0.472678 0.037325 0.098361
0 0.203733 0.699454 0.037325 0.098361
0 0.244168 0.696721 0.037325 0.098361
0 0.281493 0.688525 0.037325 0.098361
0 0.525661 0.669399 0.037325 0.098361
0 0.564541 0.669399 0.037325 0.098361
