0 0.209366 0.266033 0.044077 0.099762
0 0.249311 0.268409 0.044077 0.099762
0 0.305785 0.270784 0.044077 0.099762
0 0.209366 0.370546 0.044077 0.099762
0 0.249311 0.372922 0.044077 0.099762
0 0.303030 0.372922 0.044077 0.099762
0 0.206612 0.475059 0.044077 0.099762
0 0.250689 0.477435 0.044077 0.099762
0 0.461433 0.472684 0.044077 0.099762
0 0.203857 0.674584 0.044077 0.099762
0 0.247934 0.676960 0.044077 0.099762
0 0.292011 0.674584 0.044077 0.099762
0 0.524793 0.674584 0.044077 0.099762
0 0.568871 0.674584 0.044077 0.099762
1 0.390496 0.263658 0.026171 0.090261
1 0.424931 0.372922 0.026171 0.090261
1 0.331956 0.672209 0.024793 0.109264
1 0.371901 0.672209 0.024793 0.109264
1 0.432507 0.674584 0.024793 0.109264
1 0.641873 0.674584 0.024793 0.109264
