0 0.192469 0.251263 0.041841 0.108586
0 0.234310 0.258838 0.041841 0.108586
0 0.188285 0.364899 0.041841 0.108586
0 0.227336 0.364899 0.041841 0.108586
0 0.285914 0.263889 0.041841 0.108586
0 0.276848 0.345960 0.026499 0.070707
0 0.186890 0.469697 0.039052 0.106061
0 0.227336 0.472222 0.039052 0.106061
0 0.188285 0.686869 0.039052 0.106061
0 0.227336 0.686869 0.039052 0.106061
0 0.271967 0.691919 0.039052 0.106061
0 0.444909 0.472222 0.039052 0.106061
0 0.555091 0.694444 0.039052 0.106061
0 0.509066 0.689394 0.041841 0.111111
