0 0.202063 0.269412 0.037621 0.101176
0 0.239684 0.274118 0.037621 0.101176
0 0.291869 0.267059 0.037621 0.101176
0 0.204490 0.372941 0.037621 0.101176
0 0.242112 0.377647 0.037621 0.101176
0 0.294296 0.375294 0.037621 0.101176
0 0.205704 0.476471 0.037621 0.101176
0 0.242112 0.483529 0.037621 0.101176
0 0.206917 0.688235 0.037621 0.101176
0 0.243325 0.683529 0.037621 0.101176
0 0.282160 0.685882 0.037621 0.101176
0 0.507888 0.681176 0.037621 0.101176
0 0.545510 0.681176 0.037621 0.101176
0 0.439927 0.474118 0.037621 0.101176
1 0.367112 0.264706 0.027913 0.105882
1 0.408374 0.365882 0.027913 0.105882
1 0.325850 0.681176 0.027913 0.105882
1 0.356189 0.681176 0.027913 0.105882
1 0.414442 0.685882 0.027913 0.105882
1 0.618325 0.683529 0.027913 0.105882
