0 0.207581 0.259740 0.044525 0.099567
0 0.248496 0.259740 0.044525 0.099567
0 0.295427 0.253247 0.044525 0.099567
0 0.205174 0.348485 0.044525 0.099567
0 0.248496 0.351732 0.039711 0.097403
0 0.294224 0.356061 0.039711 0.097403
0 0.211191 0.457792 0.039711 0.097403
0 0.248496 0.455628 0.039711 0.097403
0 0.448255 0.459957 0.039711 0.097403
0 0.216005 0.656926 0.039711 0.097403
0 0.252106 0.659091 0.039711 0.097403
0 0.289410 0.663420 0.039711 0.097403
0 0.519254 0.659091 0.039711 0.097403
0 0.556558 0.663420 0.039711 0.097403
