0 0.209704 0.298413 0.037829 0.101587
0 0.247533 0.292063 0.037829 0.101587
0 0.298520 0.288889 0.037829 0.101587
0 0.209704 0.406349 0.037829 0.101587
0 0.247533 0.403175 0.037829 0.101587
0 0.301809 0.400000 0.037829 0.101587
0 0.212993 0.514286 0.037829 0.101587
0 0.255757 0.511111 0.037829 0.101587
0 0.456414 0.488889 0.037829 0.101587
0 0.219572 0.736508 0.037829 0.101587
0 0.259046 0.726984 0.037829 0.101587
0 0.298520 0.723810 0.037829 0.101587
0 0.530428 0.688889 0.037829 0.101587
0 0.566612 0.685714 0.037829 0.101587
