0 0.237347 0.266768 0.041885 0.100610
0 0.200698 0.269817 0.041885 0.100610
0 0.296684 0.275915 0.041885 0.100610
0 0.205934 0.370427 0.041885 0.100610
0 0.242583 0.370427 0.041885 0.100610
0 0.294939 0.376524 0.041885 0.100610
0 0.204188 0.474085 0.041885 0.100610
0 0.242583 0.477134 0.041885 0.100610
0 0.453752 0.477134 0.041885 0.100610
0 0.205934 0.672256 0.041885 0.100610
0 0.242583 0.681402 0.041885 0.100610
0 0.282723 0.675305 0.041885 0.100610
0 0.520070 0.690549 0.041885 0.100610
0 0.556719 0.690549 0.041885 0.100610
1 0.377836 0.269817 0.026178 0.094512
1 0.419721 0.370427 0.026178 0.094512
1 0.327225 0.678354 0.026178 0.094512
1 0.367365 0.678354 0.026178 0.094512
1 0.423211 0.681402 0.026178 0.094512
1 0.643106 0.684451 0.026178 0.094512
