0 0.209625 0.278816 0.044046 0.096573
0 0.247145 0.272586 0.044046 0.096573
0 0.300979 0.275701 0.044046 0.096573
0 0.207993 0.387850 0.044046 0.096573
0 0.250408 0.381620 0.044046 0.096573
0 0.300979 0.384735 0.044046 0.096573
0 0.209625 0.500000 0.044046 0.096573
0 0.250408 0.496885 0.044046 0.096573
0 0.460848 0.475078 0.044046 0.096573
0 0.216150 0.714953 0.044046 0.096573
0 0.253670 0.714953 0.044046 0.096573
0 0.296085 0.708723 0.044046 0.096573
0 0.539152 0.690031 0.044046 0.096573
0 0.572594 0.693146 0.035889 0.109034
1 0.384992 0.267913 0.026101 0.105919
1 0.424144 0.367601 0.026101 0.105919
1 0.339315 0.710280 0.026101 0.105919
1 0.378467 0.704050 0.026101 0.105919
1 0.437194 0.697819 0.026101 0.105919
1 0.652529 0.669782 0.026101 0.105919
