0 0.183718 0.230769 0.041787 0.111406
0 0.222622 0.228117 0.041787 0.111406
0 0.280259 0.225464 0.041787 0.111406
0 0.185159 0.342175 0.041787 0.111406
0 0.226945 0.344828 0.041787 0.111406
0 0.278818 0.344828 0.041787 0.111406
0 0.186599 0.448276 0.041787 0.111406
0 0.224063 0.456233 0.041787 0.111406
0 0.437320 0.448276 0.041787 0.111406
0 0.189481 0.652520 0.041787 0.111406
0 0.232709 0.657825 0.041787 0.111406
0 0.510807 0.660477 0.041787 0.111406
0 0.273055 0.660477 0.041787 0.111406
0 0.549712 0.665782 0.041787 0.111406
1 0.362392 0.228117 0.027378 0.095491
1 0.404179 0.339523 0.027378 0.095491
1 0.313401 0.657825 0.036023 0.116711
1 0.350865 0.660477 0.036023 0.116711
1 0.409942 0.660477 0.036023 0.116711
1 0.628963 0.660477 0.036023 0.116711
