0 0.203226 0.259101 0.042581 0.098501
0 0.244516 0.259101 0.042581 0.098501
0 0.293548 0.259101 0.042581 0.098501
0 0.205806 0.357602 0.042581 0.098501
0 0.250968 0.353319 0.042581 0.098501
0 0.296129 0.351178 0.042581 0.098501
0 0.209677 0.449679 0.042581 0.098501
0 0.248387 0.453961 0.042581 0.098501
0 0.452258 0.441113 0.042581 0.098501
0 0.212258 0.633833 0.042581 0.098501
0 0.253548 0.633833 0.042581 0.098501
0 0.294839 0.638116 0.042581 0.098501
0 0.519355 0.631692 0.042581 0.098501
0 0.558065 0.629550 0.042581 0.098501
1 0.375484 0.254818 0.028387 0.085653
1 0.415484 0.353319 0.028387 0.085653
1 0.335484 0.631692 0.028387 0.094218
1 0.369032 0.631692 0.028387 0.094218
1 0.424516 0.633833 0.028387 0.094218
1 0.641290 0.627409 0.028387 0.094218
