0 0.207355 0.319372 0.039124 0.089005
0 0.241784 0.314136 0.039124 0.089005
0 0.208920 0.416230 0.039124 0.089005
0 0.248044 0.405759 0.039124 0.089005
0 0.296557 0.308901 0.039124 0.089005
0 0.299687 0.405759 0.039124 0.089005
0 0.215180 0.505236 0.039124 0.089005
0 0.249609 0.502618 0.039124 0.089005
0 0.453052 0.481675 0.039124 0.089005
0 0.219875 0.691099 0.039124 0.089005
0 0.255869 0.685864 0.039124 0.089005
0 0.294992 0.680628 0.039124 0.089005
0 0.526604 0.657068 0.039124 0.089005
0 0.559468 0.651832 0.039124 0.089005
1 0.377934 0.306283 0.026604 0.089005
1 0.418623 0.392670 0.026604 0.089005
1 0.337246 0.670157 0.026604 0.089005
1 0.374804 0.672775 0.026604 0.089005
1 0.432707 0.672775 0.026604 0.089005
1 0.639280 0.651832 0.026604 0.089005
