0 0.209732 0.214888 0.040268 0.098315
0 0.250000 0.214888 0.040268 0.098315
0 0.206376 0.310393 0.040268 0.098315
0 0.250000 0.316011 0.040268 0.098315
0 0.208054 0.397472 0.040268 0.098315
0 0.248322 0.405899 0.040268 0.098315
0 0.211409 0.588483 0.040268 0.098315
0 0.251678 0.596910 0.040268 0.098315
0 0.285235 0.596910 0.040268 0.098315
0 0.513423 0.591292 0.040268 0.098315
0 0.552013 0.605337 0.040268 0.098315
0 0.449664 0.414326 0.040268 0.098315
0 0.298658 0.307584 0.040268 0.098315
0 0.300336 0.220506 0.040268 0.098315
1 0.380872 0.223315 0.020134 0.109551
1 0.419463 0.320225 0.033557 0.089888
1 0.327181 0.595506 0.033557 0.089888
1 0.362416 0.598315 0.033557 0.089888
1 0.419463 0.603933 0.033557 0.089888
1 0.625839 0.603933 0.033557 0.089888
