0 0.199841 0.259312 0.036624 0.094556
0 0.241242 0.262178 0.036624 0.094556
0 0.285828 0.259312 0.036624 0.094556
0 0.204618 0.359599 0.036624 0.094556
0 0.242834 0.365330 0.036624 0.094556
0 0.289013 0.365330 0.036624 0.094556
0 0.204618 0.457020 0.036624 0.094556
0 0.238057 0.465616 0.036624 0.094556
0 0.437102 0.457020 0.036624 0.094556
0 0.204618 0.660458 0.036624 0.094556
0 0.244427 0.657593 0.036624 0.094556
0 0.284236 0.657593 0.036624 0.094556
0 0.508758 0.651862 0.036624 0.094556
0 0.545382 0.651862 0.036624 0.094556
1 0.366242 0.257880 0.025478 0.091691
1 0.407643 0.361032 0.025478 0.091691
1 0.320064 0.659026 0.025478 0.091691
1 0.359873 0.653295 0.025478 0.091691
1 0.414013 0.656160 0.025478 0.091691
1 0.622611 0.647564 0.025478 0.091691
