0 0.192793 0.256135 0.043243 0.101227
0 0.232432 0.259202 0.043243 0.101227
0 0.288288 0.265337 0.043243 0.101227
0 0.190991 0.360429 0.043243 0.101227
0 0.232432 0.357362 0.043243 0.101227
0 0.286486 0.366564 0.043243 0.101227
0 0.194595 0.464724 0.043243 0.101227
0 0.232432 0.467791 0.043243 0.101227
0 0.445045 0.480061 0.043243 0.101227
0 0.192793 0.664110 0.043243 0.101227
0 0.236036 0.664110 0.043243 0.101227
0 0.272072 0.667178 0.043243 0.101227
0 0.513514 0.673313 0.043243 0.101227
0 0.549550 0.679448 0.043243 0.101227
1 0.368468 0.266871 0.034234 0.104294
1 0.408108 0.365031 0.034234 0.104294
1 0.314414 0.665644 0.034234 0.104294
1 0.348649 0.665644 0.034234 0.104294
1 0.409910 0.674847 0.034234 0.104294
1 0.627928 0.680982 0.034234 0.104294
