0 0.203678 0.250000 0.042234 0.093137
0 0.239101 0.250000 0.042234 0.093137
0 0.290872 0.250000 0.042234 0.093137
0 0.206403 0.352941 0.042234 0.093137
0 0.244550 0.350490 0.042234 0.093137
0 0.206403 0.448529 0.042234 0.093137
0 0.247275 0.446078 0.042234 0.093137
0 0.446185 0.446078 0.042234 0.093137
0 0.211853 0.639706 0.042234 0.093137
0 0.250000 0.642157 0.042234 0.093137
0 0.289510 0.642157 0.042234 0.093137
0 0.514305 0.644608 0.042234 0.093137
0 0.553815 0.649510 0.042234 0.093137
1 0.373978 0.248775 0.028610 0.100490
1 0.413488 0.334559 0.028610 0.100490
1 0.329019 0.643382 0.028610 0.100490
1 0.364441 0.643382 0.028610 0.100490
1 0.420300 0.643382 0.028610 0.100490
1 0.631471 0.648284 0.028610 0.100490
