0 0.192644 0.259554 0.038529 0.117834
0 0.196147 0.367834 0.038529 0.117834
0 0.234676 0.246815 0.038529 0.117834
0 0.232925 0.364650 0.038529 0.117834
0 0.287215 0.269108 0.038529 0.117834
0 0.287215 0.361465 0.038529 0.117834
0 0.194396 0.482484 0.038529 0.117834
0 0.232925 0.479299 0.038529 0.117834
0 0.439580 0.482484 0.035026 0.105096
0 0.196147 0.673567 0.035026 0.105096
0 0.234676 0.679936 0.035026 0.105096
0 0.269702 0.686306 0.035026 0.105096
0 0.507881 0.692675 0.035026 0.105096
0 0.544658 0.695860 0.035026 0.105096
1 0.371278 0.264331 0.024518 0.095541
1 0.409807 0.372611 0.024518 0.095541
1 0.313485 0.684713 0.024518 0.095541
1 0.350263 0.687898 0.024518 0.095541
1 0.406305 0.691083 0.024518 0.095541
1 0.626970 0.694268 0.024518 0.095541
