0 0.214935 0.255011 0.040260 0.091314
0 0.250000 0.261693 0.040260 0.091314
0 0.300649 0.261693 0.040260 0.091314
0 0.214935 0.350780 0.040260 0.091314
0 0.252597 0.355234 0.040260 0.091314
0 0.298052 0.357461 0.040260 0.091314
0 0.212338 0.435412 0.040260 0.091314
0 0.253896 0.446548 0.040260 0.091314
0 0.446104 0.446548 0.040260 0.091314
0 0.214935 0.620267 0.040260 0.091314
0 0.250000 0.626949 0.040260 0.091314
0 0.290260 0.626949 0.040260 0.091314
0 0.505844 0.633630 0.040260 0.091314
0 0.546104 0.638085 0.040260 0.091314
1 0.374675 0.260579 0.029870 0.089087
1 0.413636 0.349666 0.029870 0.089087
1 0.329221 0.628062 0.029870 0.089087
1 0.362987 0.632517 0.029870 0.089087
1 0.414935 0.630290 0.029870 0.089087
1 0.624026 0.641425 0.029870 0.089087
