0 0.205293 0.253788 0.035765 0.098485
0 0.242489 0.261364 0.035765 0.098485
0 0.291130 0.261364 0.035765 0.098485
0 0.203863 0.352273 0.035765 0.098485
0 0.241059 0.354798 0.035765 0.098485
0 0.288269 0.354798 0.035765 0.098485
0 0.203863 0.448232 0.035765 0.098485
0 0.238197 0.448232 0.035765 0.098485
0 0.439914 0.468434 0.035765 0.098485
0 0.203863 0.637626 0.035765 0.098485
0 0.241059 0.640152 0.035765 0.098485
0 0.276824 0.645202 0.035765 0.098485
0 0.501431 0.660354 0.035765 0.098485
0 0.538627 0.660354 0.035765 0.098485
1 0.368383 0.262626 0.024320 0.095960
1 0.404149 0.366162 0.024320 0.095960
1 0.314020 0.646465 0.024320 0.095960
1 0.352647 0.643939 0.024320 0.095960
1 0.408441 0.648990 0.024320 0.095960
1 0.615880 0.666667 0.024320 0.095960
