0 0.209571 0.296131 0.046205 0.104167
0 0.254125 0.296131 0.046205 0.104167
0 0.301980 0.296131 0.046205 0.104167
0 0.209571 0.400298 0.046205 0.104167
0 0.252475 0.400298 0.046205 0.104167
0 0.301980 0.397321 0.046205 0.104167
0 0.209571 0.504464 0.046205 0.104167
0 0.252475 0.501488 0.046205 0.104167
0 0.462046 0.483631 0.046205 0.104167
0 0.214521 0.715774 0.046205 0.104167
0 0.257426 0.709821 0.046205 0.104167
0 0.297030 0.703869 0.046205 0.104167
0 0.534653 0.694940 0.046205 0.104167
0 0.575083 0.690476 0.041254 0.101190
1 0.386964 0.285714 0.021452 0.089286
1 0.428218 0.389881 0.021452 0.089286
1 0.342409 0.712798 0.024752 0.104167
1 0.380363 0.703869 0.024752 0.104167
1 0.439769 0.706845 0.024752 0.104167
1 0.654290 0.683036 0.024752 0.104167
