0 0.197609 0.268717 0.040788 0.104278
0 0.235584 0.266043 0.040788 0.104278
0 0.290436 0.266043 0.040788 0.104278
0 0.196203 0.372995 0.040788 0.104278
0 0.235584 0.375668 0.040788 0.104278
0 0.284810 0.375668 0.040788 0.104278
0 0.199015 0.485294 0.040788 0.104278
0 0.238397 0.479947 0.040788 0.104278
0 0.445148 0.479947 0.040788 0.104278
0 0.203235 0.691176 0.040788 0.104278
0 0.242616 0.693850 0.040788 0.104278
0 0.280591 0.693850 0.040788 0.104278
0 0.511252 0.693850 0.040788 0.104278
0 0.553446 0.691176 0.040788 0.104278
1 0.369902 0.266043 0.025316 0.104278
1 0.409283 0.367647 0.025316 0.104278
1 0.319269 0.696524 0.025316 0.104278
1 0.357243 0.699198 0.025316 0.104278
1 0.417722 0.701872 0.025316 0.104278
1 0.634318 0.701872 0.025316 0.104278
