0 0.196622 0.271812 0.044595 0.096197
0 0.231757 0.269575 0.044595 0.096197
0 0.288514 0.271812 0.044595 0.096197
0 0.193919 0.365772 0.044595 0.096197
0 0.238514 0.368009 0.044595 0.096197
0 0.287162 0.370246 0.044595 0.096197
0 0.193919 0.457494 0.044595 0.096197
0 0.239865 0.461969 0.044595 0.096197
0 0.445270 0.461969 0.044595 0.096197
0 0.192568 0.654362 0.044595 0.096197
0 0.237162 0.652125 0.044595 0.096197
0 0.281757 0.649888 0.044595 0.096197
0 0.506081 0.656600 0.044595 0.096197
0 0.552027 0.654362 0.044595 0.096197
1 0.373649 0.270694 0.022973 0.098434
1 0.411486 0.371365 0.022973 0.098434
1 0.315541 0.648770 0.022973 0.098434
1 0.356081 0.653244 0.022973 0.098434
1 0.416892 0.657718 0.022973 0.098434
1 0.631757 0.644295 0.022973 0.098434
