0 0.214467 0.285068 0.035533 0.090498
0 0.250000 0.285068 0.035533 0.090498
0 0.302030 0.285068 0.035533 0.090498
0 0.213198 0.380090 0.035533 0.090498
0 0.250000 0.384615 0.035533 0.090498
0 0.298223 0.380090 0.035533 0.090498
0 0.214467 0.479638 0.035533 0.090498
0 0.252538 0.481900 0.035533 0.090498
0 0.446701 0.481900 0.035533 0.090498
0 0.213198 0.671946 0.035533 0.090498
0 0.251269 0.671946 0.035533 0.090498
0 0.288071 0.671946 0.035533 0.090498
0 0.508883 0.660633 0.035533 0.090498
0 0.543147 0.667421 0.035533 0.090498
