0 0.193457 0.274390 0.045519 0.095122
0 0.236131 0.274390 0.045519 0.095122
0 0.285917 0.274390 0.045519 0.095122
0 0.187767 0.381707 0.045519 0.095122
0 0.233286 0.381707 0.045519 0.095122
0 0.287340 0.376829 0.045519 0.095122
0 0.187767 0.489024 0.045519 0.095122
0 0.230441 0.486585 0.045519 0.095122
0 0.449502 0.481707 0.045519 0.095122
0 0.187767 0.698780 0.045519 0.095122
0 0.230441 0.696341 0.045519 0.095122
0 0.274538 0.696341 0.045519 0.095122
0 0.519915 0.681707 0.038407 0.100000
0 0.555477 0.681707 0.038407 0.100000
