0 0.212813 0.263021 0.039764 0.098958
0 0.248159 0.263021 0.039764 0.098958
0 0.298233 0.265625 0.039764 0.098958
0 0.209867 0.361979 0.039764 0.098958
0 0.246686 0.364583 0.039764 0.098958
0 0.296760 0.364583 0.039764 0.098958
0 0.211340 0.460938 0.039764 0.098958
0 0.248159 0.468750 0.039764 0.098958
0 0.451399 0.476562 0.039764 0.098958
0 0.206922 0.656250 0.039764 0.098958
0 0.246686 0.656250 0.039764 0.098958
0 0.283505 0.661458 0.039764 0.098958
0 0.519146 0.679688 0.039764 0.098958
0 0.558910 0.679688 0.039764 0.098958
1 0.381443 0.266927 0.029455 0.101562
1 0.421208 0.360677 0.029455 0.101562
1 0.328424 0.662760 0.029455 0.101562
1 0.365243 0.670573 0.029455 0.101562
1 0.421208 0.673177 0.029455 0.101562
1 0.637703 0.683594 0.029455 0.101562
