0 0.189840 0.220739 0.042781 0.096509
0 0.231283 0.220739 0.042781 0.096509
0 0.282086 0.224846 0.042781 0.096509
0 0.191176 0.309035 0.042781 0.096509
0 0.229947 0.311088 0.042781 0.096509
0 0.280749 0.317248 0.042781 0.096509
0 0.188503 0.407598 0.042781 0.096509
0 0.224599 0.405544 0.042781 0.096509
0 0.437166 0.430185 0.042781 0.096509
0 0.229947 0.578029 0.042781 0.096509
0 0.187166 0.578029 0.042781 0.096509
0 0.272727 0.588296 0.042781 0.096509
0 0.498663 0.606776 0.042781 0.096509
0 0.538770 0.608830 0.042781 0.096509
1 0.310829 0.591376 0.033422 0.098563
1 0.345588 0.599589 0.033422 0.098563
1 0.405749 0.599589 0.033422 0.098563
1 0.619652 0.618070 0.033422 0.098563
1 0.404412 0.330595 0.033422 0.098563
1 0.368316 0.225873 0.033422 0.098563
