0 0.194153 0.234987 0.040480 0.104439
0 0.234633 0.237598 0.040480 0.104439
0 0.282609 0.245431 0.040480 0.104439
0 0.189655 0.336815 0.040480 0.104439
0 0.230135 0.339426 0.040480 0.104439
0 0.284108 0.344648 0.040480 0.104439
0 0.192654 0.436031 0.040480 0.104439
0 0.233133 0.438642 0.040480 0.104439
0 0.437031 0.451697 0.040480 0.104439
0 0.189655 0.629243 0.040480 0.104439
0 0.231634 0.637076 0.040480 0.104439
0 0.270615 0.642298 0.040480 0.104439
0 0.504498 0.655352 0.040480 0.104439
0 0.544978 0.660574 0.040480 0.104439
1 0.368066 0.249347 0.022489 0.101828
1 0.402549 0.345953 0.022489 0.101828
1 0.309595 0.643603 0.022489 0.101828
1 0.347076 0.643603 0.022489 0.101828
1 0.410045 0.651436 0.022489 0.101828
1 0.627436 0.664491 0.022489 0.101828
