0 0.193436 0.258413 0.037709 0.093750
0 0.235335 0.258413 0.037709 0.093750
0 0.281425 0.265625 0.037709 0.093750
0 0.193436 0.354567 0.037709 0.093750
0 0.231145 0.356971 0.037709 0.093750
0 0.277235 0.359375 0.037709 0.093750
0 0.193436 0.441106 0.037709 0.093750
0 0.229749 0.445913 0.037709 0.093750
0 0.425279 0.453125 0.037709 0.093750
0 0.190642 0.631010 0.037709 0.093750
0 0.226955 0.631010 0.037709 0.093750
0 0.264665 0.631010 0.037709 0.093750
0 0.486732 0.652644 0.037709 0.093750
0 0.524441 0.650240 0.037709 0.093750
1 0.356844 0.262019 0.023743 0.100962
1 0.394553 0.362981 0.023743 0.100962
1 0.303771 0.637019 0.023743 0.100962
1 0.338687 0.641827 0.023743 0.100962
1 0.393156 0.641827 0.023743 0.100962
1 0.604050 0.646635 0.023743 0.100962
