0 0.200135 0.264354 0.039084 0.098086
0 0.240566 0.264354 0.039084 0.098086
0 0.291779 0.271531 0.039084 0.098086
0 0.200135 0.369617 0.039084 0.098086
0 0.239218 0.369617 0.039084 0.098086
0 0.289084 0.369617 0.039084 0.098086
0 0.197439 0.472488 0.039084 0.098086
0 0.239218 0.482057 0.039084 0.098086
0 0.200135 0.680622 0.039084 0.098086
0 0.237871 0.678230 0.039084 0.098086
0 0.278302 0.678230 0.039084 0.098086
0 0.512803 0.678230 0.039084 0.098086
0 0.553235 0.678230 0.039084 0.098086
0 0.448113 0.472488 0.039084 0.098086
1 0.376685 0.266746 0.025606 0.098086
1 0.417116 0.367225 0.025606 0.098086
1 0.321429 0.671053 0.025606 0.098086
1 0.360512 0.673445 0.025606 0.098086
1 0.421159 0.683014 0.025606 0.098086
1 0.635445 0.673445 0.025606 0.098086
