0 0.193011 0.146172 0.037634 0.129930
0 0.227419 0.139211 0.037634 0.129930
0 0.276882 0.129930 0.037634 0.129930
0 0.197312 0.262181 0.037634 0.129930
0 0.238172 0.264501 0.037634 0.129930
0 0.283333 0.255220 0.037634 0.129930
0 0.204839 0.387471 0.037634 0.129930
0 0.245699 0.385151 0.037634 0.129930
0 0.217742 0.628770 0.037634 0.129930
0 0.255376 0.626450 0.037634 0.129930
0 0.294086 0.624130 0.037634 0.129930
0 0.510215 0.596288 0.037634 0.129930
0 0.546774 0.589327 0.037634 0.129930
1 0.330645 0.621810 0.037634 0.129930
1 0.362366 0.617169 0.030108 0.134571
1 0.419355 0.607889 0.030108 0.134571
