0 0.201102 0.272076 0.044077 0.095465
0 0.243802 0.279236 0.044077 0.095465
0 0.294766 0.281623 0.044077 0.095465
0 0.195592 0.379475 0.044077 0.095465
0 0.241047 0.381862 0.044077 0.095465
0 0.294766 0.381862 0.044077 0.095465
0 0.195592 0.479714 0.044077 0.095465
0 0.239669 0.482100 0.044077 0.095465
0 0.450413 0.489260 0.044077 0.095465
0 0.194215 0.684964 0.044077 0.095465
0 0.232782 0.684964 0.044077 0.095465
0 0.275482 0.684964 0.044077 0.095465
0 0.509642 0.689737 0.044077 0.095465
0 0.555096 0.687351 0.044077 0.095465
1 0.322314 0.684964 0.030303 0.105012
1 0.355372 0.684964 0.030303 0.105012
1 0.421488 0.682578 0.030303 0.105012
1 0.633609 0.684964 0.030303 0.105012
1 0.378788 0.286396 0.030303 0.105012
1 0.415978 0.374702 0.030303 0.105012
