0 0.192254 0.257895 0.041494 0.105263
0 0.233748 0.257895 0.041494 0.105263
0 0.283541 0.255263 0.041494 0.105263
0 0.193638 0.363158 0.041494 0.105263
0 0.233748 0.365789 0.041494 0.105263
0 0.284924 0.363158 0.041494 0.105263
0 0.193638 0.476316 0.041494 0.105263
0 0.235131 0.471053 0.041494 0.105263
0 0.442600 0.473684 0.041494 0.105263
0 0.195021 0.692105 0.041494 0.105263
0 0.235131 0.686842 0.041494 0.105263
0 0.275242 0.694737 0.041494 0.105263
0 0.508990 0.689474 0.041494 0.105263
0 0.553250 0.689474 0.041494 0.105263
