0 0.204000 0.297897 0.040000 0.095794
0 0.241333 0.300234 0.040000 0.095794
0 0.296000 0.300234 0.040000 0.095794
0 0.201333 0.398364 0.040000 0.095794
0 0.241333 0.403037 0.040000 0.095794
0 0.292000 0.393692 0.040000 0.095794
0 0.205333 0.498832 0.040000 0.095794
0 0.241333 0.503505 0.040000 0.095794
0 0.449333 0.498832 0.040000 0.095794
0 0.200000 0.704439 0.040000 0.095794
0 0.240000 0.697430 0.040000 0.095794
0 0.278667 0.704439 0.040000 0.095794
0 0.512000 0.695093 0.040000 0.095794
0 0.549333 0.695093 0.040000 0.095794
1 0.322000 0.696262 0.025333 0.098131
1 0.359333 0.698598 0.025333 0.098131
1 0.416667 0.700935 0.025333 0.098131
1 0.626000 0.698598 0.025333 0.098131
1 0.375333 0.308411 0.025333 0.098131
1 0.415333 0.399533 0.025333 0.098131
