0 0.215190 0.246187 0.043038 0.095861
0 0.253165 0.248366 0.043038 0.095861
0 0.302532 0.252723 0.043038 0.095861
0 0.213924 0.350763 0.043038 0.095861
0 0.253165 0.350763 0.043038 0.095861
0 0.305063 0.344227 0.043038 0.095861
0 0.217722 0.444444 0.043038 0.095861
0 0.255696 0.444444 0.043038 0.095861
0 0.460759 0.444444 0.043038 0.095861
0 0.216456 0.631808 0.043038 0.095861
0 0.258228 0.636166 0.043038 0.095861
0 0.298734 0.631808 0.043038 0.095861
0 0.527848 0.631808 0.043038 0.095861
0 0.567089 0.633987 0.043038 0.095861
1 0.384810 0.251634 0.032911 0.084967
1 0.422785 0.347495 0.032911 0.084967
1 0.344304 0.632898 0.035443 0.098039
1 0.375949 0.630719 0.035443 0.098039
1 0.435443 0.626362 0.035443 0.098039
1 0.643671 0.620915 0.031646 0.104575
