0 0.181497 0.234536 0.040960 0.108247
0 0.223870 0.234536 0.040960 0.108247
0 0.277542 0.234536 0.040960 0.108247
0 0.178672 0.342784 0.040960 0.108247
0 0.222458 0.350515 0.040960 0.108247
0 0.273305 0.347938 0.040960 0.108247
0 0.180085 0.445876 0.040960 0.108247
0 0.222458 0.453608 0.040960 0.108247
0 0.431497 0.463918 0.040960 0.108247
0 0.171610 0.664948 0.040960 0.108247
0 0.212571 0.670103 0.040960 0.108247
0 0.254944 0.670103 0.040960 0.108247
0 0.490819 0.675258 0.040960 0.108247
0 0.530367 0.675258 0.040960 0.108247
1 0.360876 0.247423 0.029661 0.103093
1 0.397599 0.358247 0.029661 0.103093
1 0.611582 0.679124 0.028249 0.115979
1 0.299435 0.679124 0.028249 0.115979
1 0.337571 0.676546 0.028249 0.115979
1 0.450565 0.681701 0.028249 0.115979
