0 0.215517 0.287749 0.041379 0.096866
0 0.250000 0.287749 0.041379 0.096866
0 0.303448 0.287749 0.041379 0.096866
0 0.213793 0.376068 0.041379 0.096866
0 0.255172 0.381766 0.041379 0.096866
0 0.306897 0.384615 0.041379 0.096866
0 0.213793 0.478632 0.041379 0.096866
0 0.255172 0.481481 0.041379 0.096866
0 0.456897 0.487179 0.041379 0.096866
0 0.215517 0.663818 0.041379 0.096866
0 0.256897 0.666667 0.041379 0.096866
0 0.293103 0.672365 0.041379 0.096866
0 0.524138 0.672365 0.041379 0.096866
0 0.565517 0.675214 0.041379 0.096866
