0 0.215132 0.274631 0.043421 0.110837
0 0.250658 0.277094 0.043421 0.110837
0 0.301974 0.277094 0.043421 0.110837
0 0.213816 0.380542 0.043421 0.110837
0 0.253289 0.385468 0.043421 0.110837
0 0.305921 0.380542 0.043421 0.110837
0 0.215132 0.491379 0.043421 0.110837
0 0.261184 0.486453 0.043421 0.110837
0 0.461184 0.486453 0.043421 0.110837
0 0.215132 0.698276 0.043421 0.110837
0 0.259868 0.698276 0.043421 0.110837
0 0.303289 0.700739 0.043421 0.110837
0 0.530921 0.695813 0.043421 0.110837
0 0.570395 0.698276 0.043421 0.110837
