0 0.208115 0.248307 0.036649 0.085779
0 0.244764 0.250564 0.036649 0.085779
0 0.297120 0.250564 0.036649 0.085779
0 0.209424 0.336343 0.036649 0.085779
0 0.246073 0.343115 0.036649 0.085779
0 0.294503 0.343115 0.036649 0.085779
0 0.214660 0.428894 0.036649 0.085779
0 0.244764 0.428894 0.036649 0.085779
0 0.441099 0.435666 0.036649 0.085779
0 0.209424 0.611738 0.036649 0.085779
0 0.246073 0.620767 0.036649 0.085779
0 0.282723 0.620767 0.036649 0.085779
0 0.506545 0.627540 0.036649 0.085779
0 0.544503 0.632054 0.036649 0.085779
1 0.372382 0.256208 0.027487 0.097065
1 0.408377 0.347630 0.036649 0.094808
1 0.323298 0.618510 0.036649 0.094808
1 0.354712 0.623025 0.036649 0.094808
1 0.414921 0.623025 0.036649 0.094808
1 0.623037 0.629797 0.036649 0.094808
