0 0.203640 0.250794 0.039861 0.101587
0 0.245234 0.247619 0.039861 0.101587
0 0.298960 0.250794 0.039861 0.101587
0 0.205373 0.355556 0.039861 0.101587
0 0.298960 0.361905 0.039861 0.101587
0 0.248700 0.355556 0.039861 0.101587
0 0.207106 0.469841 0.039861 0.101587
0 0.245234 0.463492 0.039861 0.101587
0 0.453206 0.476190 0.039861 0.101587
0 0.207106 0.685714 0.039861 0.101587
0 0.245234 0.688889 0.039861 0.101587
0 0.283362 0.685714 0.039861 0.101587
0 0.522530 0.698413 0.039861 0.101587
0 0.562392 0.698413 0.039861 0.101587
1 0.381282 0.261905 0.027730 0.117460
1 0.419411 0.366667 0.027730 0.117460
1 0.327556 0.687302 0.027730 0.117460
1 0.363951 0.687302 0.027730 0.117460
1 0.424610 0.693651 0.027730 0.117460
1 0.641248 0.693651 0.027730 0.117460
