0 0.205128 0.278116 0.041026 0.100304
0 0.242735 0.278116 0.041026 0.100304
0 0.297436 0.281155 0.041026 0.100304
0 0.205128 0.378419 0.041026 0.100304
0 0.246154 0.378419 0.041026 0.100304
0 0.295726 0.384498 0.041026 0.100304
0 0.208547 0.475684 0.041026 0.100304
0 0.247863 0.481763 0.041026 0.100304
0 0.449573 0.481763 0.041026 0.100304
0 0.208547 0.682371 0.041026 0.100304
0 0.249573 0.688450 0.041026 0.100304
0 0.285470 0.685410 0.041026 0.100304
0 0.517949 0.685410 0.041026 0.100304
0 0.557265 0.688450 0.041026 0.100304
1 0.377778 0.276596 0.023932 0.103343
1 0.415385 0.376900 0.023932 0.103343
1 0.328205 0.683891 0.023932 0.103343
1 0.364103 0.680851 0.023932 0.103343
1 0.422222 0.686930 0.023932 0.103343
1 0.635897 0.686930 0.023932 0.103343
