0 0.202762 0.291237 0.036337 0.103093
0 0.239099 0.286082 0.036337 0.103093
0 0.291424 0.283505 0.036337 0.103093
0 0.204215 0.386598 0.036337 0.103093
0 0.242006 0.386598 0.036337 0.103093
0 0.291424 0.381443 0.036337 0.103093
0 0.207122 0.481959 0.036337 0.103093
0 0.242006 0.479381 0.036337 0.103093
0 0.444041 0.471649 0.036337 0.103093
0 0.211483 0.682990 0.036337 0.103093
0 0.244913 0.677835 0.036337 0.103093
0 0.287064 0.672680 0.036337 0.103093
0 0.512355 0.652062 0.036337 0.103093
0 0.547238 0.644330 0.036337 0.103093
