0 0.203101 0.236631 0.046512 0.088235
0 0.248062 0.236631 0.046512 0.088235
0 0.300775 0.233957 0.046512 0.088235
0 0.204651 0.348930 0.046512 0.088235
0 0.251163 0.343583 0.046512 0.088235
0 0.299225 0.343583 0.046512 0.088235
0 0.203101 0.455882 0.046512 0.088235
0 0.248062 0.450535 0.046512 0.088235
0 0.465116 0.439840 0.046512 0.088235
0 0.212403 0.656417 0.046512 0.088235
0 0.254264 0.656417 0.046512 0.088235
0 0.302326 0.659091 0.046512 0.088235
0 0.539535 0.629679 0.046512 0.088235
0 0.576744 0.632353 0.046512 0.088235
1 0.342636 0.648396 0.034109 0.098930
1 0.378295 0.648396 0.034109 0.098930
1 0.437209 0.643048 0.034109 0.098930
1 0.654264 0.621658 0.031008 0.088235
