0 0.227044 0.276995 0.041509 0.093897
0 0.263522 0.279343 0.041509 0.093897
0 0.229560 0.382629 0.041509 0.093897
0 0.266038 0.382629 0.041509 0.093897
0 0.232075 0.485915 0.041509 0.093897
0 0.268553 0.485915 0.041509 0.093897
0 0.471069 0.485915 0.041509 0.093897
0 0.233333 0.692488 0.041509 0.093897
0 0.273585 0.692488 0.041509 0.093897
0 0.310063 0.690141 0.041509 0.093897
0 0.538994 0.683099 0.041509 0.093897
0 0.576730 0.685446 0.041509 0.093897
0 0.315094 0.382629 0.041509 0.093897
0 0.313836 0.279343 0.041509 0.093897
