0 0.196721 0.272989 0.039344 0.097701
0 0.236066 0.270115 0.039344 0.097701
0 0.286885 0.270115 0.039344 0.097701
0 0.196721 0.373563 0.039344 0.097701
0 0.237705 0.373563 0.039344 0.097701
0 0.288525 0.370690 0.039344 0.097701
0 0.200000 0.477011 0.039344 0.097701
0 0.237705 0.474138 0.039344 0.097701
0 0.449180 0.465517 0.039344 0.097701
0 0.208197 0.675287 0.039344 0.097701
0 0.247541 0.678161 0.039344 0.097701
0 0.283607 0.681034 0.039344 0.097701
0 0.521311 0.666667 0.039344 0.097701
0 0.559016 0.666667 0.039344 0.097701
1 0.368852 0.268678 0.026230 0.100575
1 0.408197 0.363506 0.026230 0.100575
1 0.324590 0.665230 0.026230 0.100575
1 0.367213 0.668103 0.026230 0.100575
1 0.422951 0.668103 0.026230 0.100575
1 0.640984 0.656609 0.026230 0.100575
