0 0.211300 0.280882 0.038700 0.108824
0 0.248452 0.283824 0.038700 0.108824
0 0.301084 0.277941 0.038700 0.108824
0 0.212848 0.383824 0.038700 0.108824
0 0.251548 0.389706 0.038700 0.108824
0 0.302632 0.377941 0.038700 0.108824
0 0.219040 0.494118 0.035604 0.100000
0 0.257740 0.494118 0.035604 0.100000
0 0.454334 0.476471 0.035604 0.100000
0 0.222136 0.702941 0.035604 0.100000
0 0.262384 0.702941 0.035604 0.100000
0 0.299536 0.700000 0.035604 0.100000
0 0.527090 0.682353 0.035604 0.100000
0 0.564241 0.679412 0.035604 0.100000
