0 0.192370 0.304348 0.040584 0.098551
0 0.197240 0.414493 0.040584 0.098551
0 0.237825 0.408696 0.040584 0.098551
0 0.234578 0.304348 0.040584 0.098551
0 0.286526 0.301449 0.040584 0.098551
0 0.288149 0.397101 0.040584 0.098551
0 0.202110 0.513043 0.040584 0.098551
0 0.239448 0.510145 0.040584 0.098551
0 0.450487 0.484058 0.040584 0.098551
0 0.208604 0.713043 0.040584 0.098551
0 0.245942 0.710145 0.040584 0.098551
0 0.286526 0.710145 0.040584 0.098551
0 0.520292 0.686957 0.040584 0.098551
0 0.562500 0.686957 0.040584 0.098551
