0 0.200134 0.263789 0.041499 0.091127
0 0.240295 0.266187 0.041499 0.091127
0 0.287149 0.266187 0.041499 0.091127
0 0.198795 0.366906 0.041499 0.091127
0 0.236278 0.364508 0.041499 0.091127
0 0.287149 0.362110 0.041499 0.091127
0 0.197456 0.460432 0.041499 0.091127
0 0.237617 0.460432 0.041499 0.091127
0 0.435743 0.460432 0.041499 0.091127
0 0.198795 0.649880 0.041499 0.091127
0 0.232262 0.654676 0.041499 0.091127
0 0.276439 0.652278 0.041499 0.091127
0 0.495984 0.647482 0.041499 0.091127
0 0.529451 0.657074 0.041499 0.091127
1 0.363454 0.269784 0.025435 0.103118
1 0.400937 0.365707 0.025435 0.103118
1 0.354083 0.658273 0.025435 0.103118
1 0.316600 0.653477 0.025435 0.103118
1 0.406292 0.658273 0.025435 0.103118
1 0.615127 0.658273 0.025435 0.103118
