0 0.199413 0.268382 0.038123 0.085784
0 0.237537 0.268382 0.038123 0.085784
0 0.287390 0.270833 0.038123 0.085784
0 0.200880 0.360294 0.041056 0.098039
0 0.241935 0.357843 0.041056 0.098039
0 0.288856 0.365196 0.041056 0.098039
0 0.199413 0.448529 0.041056 0.098039
0 0.239003 0.453431 0.041056 0.098039
0 0.439883 0.463235 0.041056 0.098039
0 0.197947 0.639706 0.041056 0.098039
0 0.237537 0.639706 0.041056 0.098039
0 0.274194 0.644608 0.041056 0.098039
0 0.507331 0.647059 0.041056 0.098039
0 0.548387 0.659314 0.041056 0.098039
1 0.368035 0.273284 0.026393 0.095588
1 0.404692 0.368873 0.026393 0.095588
1 0.315249 0.645833 0.026393 0.095588
1 0.353372 0.645833 0.026393 0.095588
1 0.409091 0.655637 0.026393 0.095588
1 0.627566 0.662990 0.026393 0.095588
