0 0.199180 0.258308 0.044262 0.105740
0 0.240164 0.255287 0.044262 0.105740
0 0.292623 0.258308 0.044262 0.105740
0 0.199180 0.370091 0.044262 0.105740
0 0.238525 0.370091 0.044262 0.105740
0 0.292623 0.367069 0.044262 0.105740
0 0.195902 0.475831 0.044262 0.105740
0 0.240164 0.478852 0.044262 0.105740
0 0.453279 0.475831 0.044262 0.105740
0 0.194262 0.696375 0.044262 0.105740
0 0.241803 0.693353 0.044262 0.105740
0 0.284426 0.699396 0.044262 0.105740
0 0.525410 0.684290 0.044262 0.105740
0 0.566393 0.684290 0.044262 0.105740
