0 0.195993 0.266562 0.040070 0.104101
0 0.234321 0.266562 0.040070 0.104101
0 0.286585 0.272871 0.040070 0.104101
0 0.194251 0.373817 0.040070 0.104101
0 0.234321 0.370662 0.040070 0.104101
0 0.288328 0.376972 0.040070 0.104101
0 0.195993 0.471609 0.040070 0.104101
0 0.234321 0.477918 0.040070 0.104101
0 0.441638 0.487382 0.040070 0.104101
0 0.195993 0.692429 0.040070 0.104101
0 0.234321 0.686120 0.040070 0.104101
0 0.276132 0.689274 0.040070 0.104101
0 0.509582 0.695584 0.040070 0.104101
0 0.547909 0.695584 0.040070 0.104101
