0 0.223739 0.294495 0.046218 0.089908
0 0.265756 0.294495 0.046218 0.089908
0 0.320378 0.300000 0.046218 0.089908
0 0.221639 0.393578 0.046218 0.089908
0 0.266807 0.397248 0.046218 0.089908
0 0.318277 0.397248 0.046218 0.089908
0 0.224790 0.488991 0.046218 0.089908
0 0.268908 0.494495 0.046218 0.089908
0 0.477941 0.496330 0.046218 0.089908
0 0.228992 0.687156 0.046218 0.089908
0 0.272059 0.688991 0.046218 0.089908
0 0.315126 0.688991 0.046218 0.089908
0 0.534664 0.688991 0.046218 0.089908
0 0.575630 0.685321 0.046218 0.089908
