0 0.205491 0.249226 0.038270 0.102167
0 0.243760 0.249226 0.038270 0.102167
0 0.297005 0.243034 0.038270 0.102167
0 0.203827 0.360681 0.038270 0.102167
0 0.243760 0.357585 0.038270 0.102167
0 0.298669 0.351393 0.038270 0.102167
0 0.208819 0.472136 0.038270 0.102167
0 0.250416 0.462848 0.038270 0.102167
0 0.458403 0.456656 0.038270 0.102167
0 0.212146 0.685759 0.038270 0.102167
0 0.253744 0.688854 0.038270 0.102167
0 0.292013 0.682663 0.038270 0.102167
0 0.529950 0.664087 0.038270 0.102167
0 0.571547 0.664087 0.038270 0.102167
1 0.381032 0.238390 0.026622 0.105263
1 0.420965 0.340557 0.026622 0.105263
1 0.332779 0.678019 0.026622 0.105263
1 0.372712 0.674923 0.026622 0.105263
1 0.432612 0.674923 0.026622 0.105263
1 0.650582 0.656347 0.026622 0.105263
