0 0.212698 0.316298 0.044444 0.091160
0 0.253968 0.319061 0.044444 0.091160
0 0.303175 0.308011 0.044444 0.091160
0 0.217460 0.407459 0.044444 0.091160
0 0.257143 0.404696 0.044444 0.091160
0 0.309524 0.401934 0.044444 0.091160
0 0.219048 0.504144 0.044444 0.091160
0 0.263492 0.506906 0.044444 0.091160
0 0.463492 0.476519 0.044444 0.091160
0 0.228571 0.700276 0.044444 0.091160
0 0.269841 0.700276 0.044444 0.091160
0 0.306349 0.691989 0.044444 0.091160
0 0.536508 0.664365 0.044444 0.091160
0 0.576190 0.661602 0.044444 0.091160
