0 0.195687 0.266575 0.043131 0.096685
0 0.237220 0.266575 0.043131 0.096685
0 0.293131 0.258287 0.043131 0.096685
0 0.198882 0.368785 0.043131 0.096685
0 0.243610 0.371547 0.043131 0.096685
0 0.294728 0.363260 0.043131 0.096685
0 0.202077 0.476519 0.043131 0.096685
0 0.242013 0.473757 0.043131 0.096685
0 0.460863 0.454420 0.043131 0.096685
0 0.205272 0.683702 0.043131 0.096685
0 0.250000 0.680939 0.043131 0.096685
0 0.288339 0.675414 0.043131 0.096685
0 0.539137 0.645028 0.043131 0.096685
0 0.575879 0.647790 0.043131 0.096685
