0 0.183579 0.241433 0.046125 0.090343
0 0.227860 0.244548 0.046125 0.090343
0 0.279520 0.247664 0.046125 0.090343
0 0.179889 0.341121 0.046125 0.090343
0 0.227860 0.344237 0.046125 0.090343
0 0.281365 0.347352 0.046125 0.090343
0 0.179889 0.447040 0.046125 0.090343
0 0.227860 0.440810 0.046125 0.090343
0 0.440037 0.450156 0.046125 0.090343
0 0.183579 0.649533 0.046125 0.090343
0 0.224170 0.649533 0.046125 0.090343
0 0.266605 0.652648 0.046125 0.090343
0 0.504613 0.661994 0.046125 0.090343
0 0.548893 0.661994 0.046125 0.090343
1 0.369926 0.246106 0.031365 0.105919
1 0.403137 0.345794 0.031365 0.105919
1 0.309041 0.651090 0.031365 0.105919
1 0.347786 0.657321 0.031365 0.105919
1 0.410517 0.660436 0.031365 0.105919
1 0.630074 0.669782 0.031365 0.105919
