0 0.187500 0.248011 0.041667 0.092838
0 0.227623 0.250663 0.041667 0.092838
0 0.281636 0.255968 0.041667 0.092838
0 0.189043 0.351459 0.041667 0.092838
0 0.227623 0.356764 0.041667 0.092838
0 0.280093 0.356764 0.041667 0.092838
0 0.185957 0.449602 0.041667 0.092838
0 0.221451 0.460212 0.041667 0.092838
0 0.442130 0.465517 0.041667 0.092838
0 0.185957 0.653846 0.041667 0.092838
0 0.226080 0.659151 0.041667 0.092838
0 0.269290 0.659151 0.041667 0.092838
0 0.511574 0.669761 0.041667 0.092838
0 0.553241 0.675066 0.041667 0.092838
