0 0.200323 0.242647 0.042003 0.097059
0 0.239095 0.239706 0.042003 0.097059
0 0.284330 0.239706 0.042003 0.097059
0 0.200323 0.348529 0.042003 0.097059
0 0.237480 0.348529 0.042003 0.097059
0 0.287561 0.345588 0.042003 0.097059
0 0.200323 0.451471 0.042003 0.097059
0 0.237480 0.454412 0.042003 0.097059
0 0.441034 0.451471 0.042003 0.097059
0 0.203554 0.660294 0.042003 0.097059
0 0.240711 0.663235 0.042003 0.097059
0 0.277868 0.663235 0.042003 0.097059
0 0.516963 0.666176 0.042003 0.097059
0 0.555735 0.669118 0.042003 0.097059
1 0.371567 0.245588 0.025848 0.102941
1 0.408724 0.348529 0.025848 0.102941
1 0.321486 0.660294 0.025848 0.102941
1 0.355412 0.660294 0.025848 0.102941
1 0.420032 0.666176 0.025848 0.102941
1 0.634895 0.666176 0.025848 0.102941
