0 0.199267 0.259657 0.039120 0.098712
0 0.237164 0.259657 0.039120 0.098712
0 0.289731 0.257511 0.039120 0.098712
0 0.199267 0.354077 0.039120 0.098712
0 0.237164 0.356223 0.039120 0.098712
0 0.286064 0.360515 0.039120 0.098712
0 0.201711 0.450644 0.039120 0.098712
0 0.242054 0.457082 0.039120 0.098712
0 0.440098 0.457082 0.039120 0.098712
0 0.205379 0.643777 0.039120 0.098712
0 0.239609 0.648069 0.039120 0.098712
0 0.277506 0.650215 0.039120 0.098712
0 0.503667 0.652361 0.039120 0.098712
0 0.542787 0.656652 0.039120 0.098712
1 0.403423 0.351931 0.031785 0.103004
1 0.365526 0.255365 0.031785 0.103004
1 0.316626 0.650215 0.031785 0.103004
1 0.354523 0.650215 0.031785 0.103004
1 0.415648 0.656652 0.031785 0.103004
1 0.622249 0.665236 0.031785 0.103004
