0 0.190346 0.273179 0.041894 0.102649
0 0.232240 0.276490 0.041894 0.102649
0 0.283242 0.283113 0.041894 0.102649
0 0.190346 0.382450 0.041894 0.102649
0 0.234062 0.385762 0.041894 0.102649
0 0.279599 0.385762 0.041894 0.102649
0 0.190346 0.495033 0.041894 0.102649
0 0.232240 0.491722 0.041894 0.102649
0 0.441712 0.504967 0.041894 0.102649
0 0.190346 0.706954 0.041894 0.102649
0 0.228597 0.706954 0.041894 0.102649
0 0.272313 0.710265 0.041894 0.102649
0 0.510929 0.723510 0.041894 0.102649
0 0.552823 0.720199 0.041894 0.102649
