0 0.198113 0.249423 0.040431 0.096998
0 0.238544 0.254042 0.040431 0.096998
0 0.288410 0.251732 0.040431 0.096998
0 0.198113 0.348730 0.040431 0.096998
0 0.237197 0.351039 0.040431 0.096998
0 0.287062 0.351039 0.040431 0.096998
0 0.196765 0.443418 0.040431 0.096998
0 0.237197 0.443418 0.040431 0.096998
0 0.442049 0.450346 0.040431 0.096998
0 0.194070 0.637413 0.040431 0.096998
0 0.234501 0.639723 0.040431 0.096998
0 0.273585 0.639723 0.040431 0.096998
0 0.508086 0.646651 0.040431 0.096998
0 0.545822 0.644342 0.040431 0.096998
1 0.371968 0.255196 0.024259 0.094688
1 0.408356 0.347575 0.024259 0.094688
1 0.318059 0.640878 0.024259 0.094688
1 0.357143 0.638568 0.024259 0.094688
1 0.413747 0.638568 0.024259 0.094688
1 0.633423 0.647806 0.024259 0.094688
