0 0.208403 0.263804 0.040336 0.092025
0 0.245378 0.260736 0.040336 0.092025
0 0.295798 0.266871 0.040336 0.092025
0 0.210084 0.361963 0.040336 0.092025
0 0.300840 0.365031 0.040336 0.092025
0 0.248739 0.365031 0.040336 0.092025
0 0.210084 0.469325 0.040336 0.092025
0 0.248739 0.469325 0.040336 0.092025
0 0.450420 0.475460 0.040336 0.092025
0 0.210084 0.674847 0.040336 0.092025
0 0.248739 0.674847 0.040336 0.092025
0 0.290756 0.677914 0.040336 0.092025
0 0.510924 0.680982 0.040336 0.092025
0 0.551261 0.677914 0.040336 0.092025
1 0.373950 0.273006 0.035294 0.110429
1 0.412605 0.368098 0.035294 0.110429
1 0.330252 0.680982 0.035294 0.110429
1 0.362185 0.680982 0.035294 0.110429
1 0.421008 0.677914 0.035294 0.110429
1 0.627731 0.680982 0.035294 0.110429
