0 0.188266 0.252125 0.040280 0.090652
0 0.228546 0.252125 0.040280 0.090652
0 0.281086 0.260623 0.040280 0.090652
0 0.190018 0.348442 0.040280 0.090652
0 0.230298 0.356941 0.040280 0.090652
0 0.279335 0.356941 0.040280 0.090652
0 0.188266 0.444759 0.040280 0.090652
0 0.230298 0.444759 0.040280 0.090652
0 0.435201 0.456091 0.040280 0.090652
0 0.184764 0.631728 0.040280 0.090652
0 0.226795 0.634561 0.040280 0.090652
0 0.265324 0.631728 0.040280 0.090652
0 0.501751 0.645892 0.040280 0.090652
0 0.538529 0.643059 0.040280 0.090652
1 0.364273 0.262040 0.028021 0.093484
1 0.402802 0.352691 0.028021 0.093484
1 0.308231 0.633144 0.028021 0.093484
1 0.343257 0.640227 0.031524 0.101983
1 0.402802 0.637394 0.031524 0.101983
1 0.616462 0.640227 0.031524 0.101983
