0 0.188793 0.254630 0.043103 0.101852
0 0.230172 0.260802 0.043103 0.101852
0 0.283621 0.260802 0.043103 0.101852
0 0.188793 0.362654 0.043103 0.101852
0 0.226724 0.375000 0.043103 0.101852
0 0.281897 0.368827 0.043103 0.101852
0 0.188793 0.476852 0.043103 0.101852
0 0.228448 0.476852 0.043103 0.101852
0 0.437069 0.476852 0.043103 0.101852
0 0.192241 0.674383 0.036207 0.101852
0 0.230172 0.674383 0.036207 0.101852
0 0.268103 0.680556 0.036207 0.101852
0 0.506034 0.677469 0.036207 0.101852
0 0.543966 0.683642 0.036207 0.101852
