0 0.194290 0.238824 0.043175 0.101176
0 0.237465 0.245882 0.043175 0.101176
0 0.284819 0.248235 0.043175 0.101176
0 0.191504 0.344706 0.043175 0.101176
0 0.231894 0.347059 0.043175 0.101176
0 0.286212 0.344706 0.043175 0.101176
0 0.188719 0.438824 0.043175 0.101176
0 0.234680 0.443529 0.043175 0.101176
0 0.450557 0.445882 0.043175 0.101176
0 0.184540 0.638824 0.043175 0.101176
0 0.227716 0.643529 0.043175 0.101176
0 0.268106 0.638824 0.043175 0.101176
0 0.513231 0.643529 0.043175 0.101176
0 0.550836 0.645882 0.043175 0.101176
1 0.373955 0.251765 0.026462 0.098824
1 0.415738 0.341176 0.026462 0.098824
1 0.316852 0.637647 0.026462 0.098824
1 0.353064 0.642353 0.026462 0.098824
1 0.414345 0.640000 0.026462 0.098824
1 0.634401 0.637647 0.026462 0.098824
