0 0.219124 0.287778 0.037185 0.091111
0 0.257636 0.285556 0.037185 0.091111
0 0.312085 0.290000 0.037185 0.091111
0 0.220452 0.383333 0.037185 0.091111
0 0.258964 0.390000 0.037185 0.091111
0 0.312085 0.383333 0.037185 0.091111
0 0.219124 0.478889 0.037185 0.091111
0 0.257636 0.483333 0.037185 0.091111
0 0.468792 0.481111 0.037185 0.091111
0 0.220452 0.667778 0.037185 0.091111
0 0.258964 0.667778 0.037185 0.091111
0 0.294821 0.672222 0.037185 0.091111
0 0.529880 0.665556 0.037185 0.091111
0 0.567065 0.665556 0.037185 0.091111
1 0.393758 0.286667 0.025232 0.093333
1 0.432271 0.380000 0.025232 0.093333
1 0.339309 0.671111 0.025232 0.093333
1 0.376494 0.664444 0.025232 0.093333
1 0.432271 0.673333 0.025232 0.093333
1 0.646082 0.664444 0.025232 0.093333
