0 0.192211 0.250000 0.042714 0.100000
0 0.231156 0.247778 0.042714 0.100000
0 0.281407 0.247778 0.042714 0.100000
0 0.190955 0.347778 0.042714 0.100000
0 0.234925 0.352222 0.042714 0.100000
0 0.283920 0.352222 0.042714 0.100000
0 0.195980 0.454444 0.042714 0.100000
0 0.238693 0.452222 0.042714 0.100000
0 0.440955 0.461111 0.042714 0.100000
0 0.199749 0.650000 0.042714 0.100000
0 0.237437 0.652222 0.042714 0.100000
0 0.281407 0.654444 0.042714 0.100000
0 0.512563 0.663333 0.042714 0.100000
0 0.554020 0.663333 0.042714 0.100000
