0 0.202381 0.305714 0.041667 0.102857
0 0.244048 0.302857 0.041667 0.102857
0 0.293155 0.300000 0.041667 0.102857
0 0.203869 0.414286 0.041667 0.102857
0 0.245536 0.417143 0.041667 0.102857
0 0.291667 0.408571 0.041667 0.102857
0 0.208333 0.522857 0.041667 0.102857
0 0.247024 0.522857 0.041667 0.102857
0 0.449405 0.502857 0.041667 0.102857
0 0.212798 0.737143 0.041667 0.102857
0 0.252976 0.740000 0.041667 0.102857
0 0.294643 0.731429 0.041667 0.102857
0 0.522321 0.702857 0.041667 0.102857
0 0.555060 0.702857 0.041667 0.102857
1 0.374256 0.295714 0.028274 0.105714
1 0.414435 0.398571 0.028274 0.105714
1 0.338542 0.724286 0.028274 0.105714
1 0.371280 0.721429 0.028274 0.105714
1 0.427827 0.715714 0.028274 0.105714
1 0.633185 0.695714 0.028274 0.105714
