0 0.206081 0.270930 0.041892 0.090698
0 0.243919 0.273256 0.041892 0.090698
0 0.295270 0.275581 0.041892 0.090698
0 0.206081 0.366279 0.041892 0.090698
0 0.249324 0.366279 0.041892 0.090698
0 0.299324 0.366279 0.041892 0.090698
0 0.207432 0.463953 0.041892 0.090698
0 0.247973 0.459302 0.041892 0.090698
0 0.445270 0.466279 0.041892 0.090698
0 0.208784 0.650000 0.041892 0.090698
0 0.249324 0.645349 0.041892 0.090698
0 0.291216 0.656977 0.041892 0.090698
0 0.510135 0.652326 0.041892 0.090698
0 0.543919 0.654651 0.041892 0.090698
1 0.374324 0.269767 0.021622 0.093023
1 0.410811 0.369767 0.021622 0.093023
1 0.328378 0.651163 0.021622 0.093023
1 0.360811 0.653488 0.021622 0.093023
1 0.417568 0.653488 0.021622 0.093023
1 0.624324 0.655814 0.021622 0.093023
