0 0.187888 0.262431 0.037267 0.093923
0 0.223602 0.265193 0.037267 0.093923
0 0.270186 0.259669 0.037267 0.093923
0 0.187888 0.356354 0.037267 0.093923
0 0.225155 0.361878 0.037267 0.093923
0 0.270186 0.356354 0.037267 0.093923
0 0.190994 0.450276 0.037267 0.093923
0 0.225155 0.450276 0.037267 0.093923
0 0.417702 0.461326 0.037267 0.093923
0 0.195652 0.640884 0.037267 0.093923
0 0.229814 0.646409 0.037267 0.093923
0 0.267081 0.640884 0.037267 0.093923
0 0.482919 0.649171 0.037267 0.093923
0 0.521739 0.654696 0.037267 0.093923
1 0.347050 0.263812 0.023292 0.085635
1 0.381211 0.357735 0.023292 0.085635
1 0.300466 0.639503 0.023292 0.085635
1 0.336180 0.647790 0.023292 0.085635
1 0.388975 0.645028 0.023292 0.085635
1 0.595497 0.650552 0.023292 0.085635
