0 0.204931 0.279370 0.043143 0.100287
0 0.246533 0.273639 0.043143 0.100287
0 0.300462 0.273639 0.043143 0.100287
0 0.209553 0.391117 0.043143 0.100287
0 0.248074 0.385387 0.043143 0.100287
0 0.302003 0.379656 0.043143 0.100287
0 0.209553 0.500000 0.043143 0.100287
0 0.254237 0.500000 0.043143 0.100287
0 0.465331 0.484241 0.040062 0.097421
0 0.212635 0.722063 0.040062 0.097421
0 0.254237 0.716332 0.040062 0.097421
0 0.295840 0.716332 0.040062 0.097421
0 0.537750 0.690544 0.040062 0.097421
0 0.579353 0.690544 0.040062 0.097421
1 0.386749 0.266476 0.024653 0.108883
1 0.428351 0.369628 0.024653 0.108883
1 0.342065 0.713467 0.024653 0.108883
1 0.382126 0.713467 0.024653 0.108883
1 0.437596 0.704871 0.024653 0.108883
1 0.654854 0.687679 0.024653 0.108883
