0 0.186691 0.247492 0.048059 0.107023
0 0.231054 0.247492 0.048059 0.107023
0 0.286506 0.247492 0.048059 0.107023
0 0.188540 0.354515 0.048059 0.107023
0 0.229205 0.357860 0.048059 0.107023
0 0.286506 0.357860 0.048059 0.107023
0 0.188540 0.464883 0.048059 0.107023
0 0.234750 0.468227 0.048059 0.107023
0 0.452865 0.474916 0.048059 0.107023
0 0.188540 0.685619 0.048059 0.107023
0 0.231054 0.685619 0.048059 0.107023
0 0.271719 0.688963 0.048059 0.107023
0 0.523105 0.692308 0.048059 0.107023
0 0.561922 0.692308 0.048059 0.107023
1 0.377079 0.257525 0.025878 0.120401
1 0.416821 0.369565 0.024030 0.110368
1 0.361368 0.697324 0.024030 0.110368
1 0.317006 0.697324 0.024030 0.110368
1 0.418669 0.697324 0.024030 0.110368
1 0.649723 0.697324 0.024030 0.110368
