0 0.205600 0.288184 0.040000 0.097983
0 0.244000 0.285303 0.040000 0.097983
0 0.295200 0.288184 0.040000 0.097983
0 0.204000 0.386167 0.040000 0.097983
0 0.247200 0.386167 0.040000 0.097983
0 0.295200 0.386167 0.040000 0.097983
0 0.208800 0.487032 0.040000 0.097983
0 0.252000 0.484150 0.040000 0.097983
0 0.452000 0.475504 0.040000 0.097983
0 0.215200 0.685879 0.040000 0.097983
0 0.255200 0.688761 0.040000 0.097983
0 0.295200 0.685879 0.040000 0.097983
0 0.527200 0.674352 0.040000 0.097983
0 0.565600 0.671470 0.040000 0.097983
1 0.376800 0.278098 0.024000 0.095101
1 0.416800 0.373199 0.024000 0.095101
1 0.335200 0.687320 0.024000 0.095101
1 0.373600 0.684438 0.024000 0.095101
1 0.431200 0.681556 0.024000 0.095101
1 0.640800 0.670029 0.024000 0.095101
