0 0.201754 0.269118 0.039872 0.097059
0 0.236842 0.275000 0.039872 0.097059
0 0.291069 0.263235 0.039872 0.097059
0 0.203349 0.372059 0.039872 0.097059
0 0.240032 0.375000 0.039872 0.097059
0 0.292663 0.372059 0.039872 0.097059
0 0.204944 0.475000 0.039872 0.097059
0 0.241627 0.477941 0.039872 0.097059
0 0.442584 0.472059 0.039872 0.097059
0 0.211324 0.680882 0.039872 0.097059
0 0.251196 0.680882 0.039872 0.097059
0 0.283094 0.683824 0.039872 0.097059
0 0.514354 0.677941 0.039872 0.097059
0 0.552632 0.675000 0.039872 0.097059
1 0.370016 0.267647 0.022329 0.094118
1 0.408293 0.355882 0.022329 0.094118
1 0.325359 0.679412 0.022329 0.094118
1 0.362041 0.679412 0.022329 0.094118
1 0.419458 0.676471 0.022329 0.094118
1 0.633174 0.670588 0.022329 0.094118
