0 0.186099 0.268229 0.040359 0.098958
0 0.226457 0.273438 0.040359 0.098958
0 0.277280 0.276042 0.040359 0.098958
0 0.189088 0.369792 0.040359 0.098958
0 0.229447 0.369792 0.040359 0.098958
0 0.278774 0.377604 0.040359 0.098958
0 0.186846 0.470052 0.038864 0.091146
0 0.225710 0.472656 0.038864 0.091146
0 0.430493 0.483073 0.038864 0.091146
0 0.186846 0.670573 0.038864 0.091146
0 0.222720 0.665365 0.038864 0.091146
0 0.261584 0.673177 0.038864 0.091146
0 0.497758 0.680990 0.041854 0.101562
0 0.537369 0.691406 0.037369 0.101562
