0 0.205314 0.260171 0.041063 0.104925
0 0.247585 0.262313 0.041063 0.104925
0 0.210145 0.358672 0.041063 0.104925
0 0.248792 0.358672 0.041063 0.104925
0 0.208937 0.465739 0.041063 0.104925
0 0.251208 0.467880 0.041063 0.104925
0 0.299517 0.260171 0.041063 0.104925
0 0.299517 0.369379 0.041063 0.104925
0 0.208937 0.652034 0.041063 0.104925
0 0.250000 0.658458 0.041063 0.104925
0 0.288647 0.654176 0.041063 0.104925
0 0.455314 0.487152 0.041063 0.104925
0 0.519324 0.686296 0.041063 0.104925
0 0.555556 0.690578 0.041063 0.104925
1 0.384662 0.282655 0.027778 0.094218
1 0.424517 0.381156 0.027778 0.094218
1 0.331522 0.663812 0.027778 0.094218
1 0.366546 0.665953 0.027778 0.094218
1 0.428140 0.674518 0.027778 0.094218
1 0.638285 0.698073 0.027778 0.094218
