0 0.193056 0.272727 0.036111 0.106061
0 0.231944 0.270202 0.036111 0.106061
0 0.284722 0.270202 0.036111 0.106061
0 0.193056 0.373737 0.036111 0.106061
0 0.233333 0.373737 0.036111 0.106061
0 0.286111 0.373737 0.036111 0.106061
0 0.197222 0.477273 0.036111 0.106061
0 0.233333 0.479798 0.036111 0.106061
0 0.441667 0.472222 0.036111 0.106061
0 0.200000 0.684343 0.036111 0.106061
0 0.240278 0.686869 0.036111 0.106061
0 0.277778 0.686869 0.036111 0.106061
0 0.512500 0.679293 0.036111 0.106061
0 0.554167 0.681818 0.044444 0.111111
