0 0.219149 0.282452 0.041135 0.084135
0 0.261702 0.284856 0.041135 0.084135
0 0.317021 0.287260 0.041135 0.084135
0 0.221986 0.388221 0.041135 0.084135
0 0.258865 0.388221 0.041135 0.084135
0 0.315603 0.388221 0.041135 0.084135
0 0.220567 0.491587 0.041135 0.084135
0 0.261702 0.489183 0.041135 0.084135
0 0.477305 0.489183 0.041135 0.084135
0 0.224823 0.688702 0.041135 0.084135
0 0.263121 0.691106 0.041135 0.084135
0 0.302837 0.691106 0.041135 0.084135
0 0.545390 0.676683 0.041135 0.084135
0 0.580851 0.676683 0.041135 0.084135
1 0.397872 0.283654 0.029787 0.096154
1 0.345390 0.687500 0.029787 0.096154
1 0.383688 0.689904 0.029787 0.096154
1 0.446099 0.682692 0.029787 0.096154
1 0.657447 0.670673 0.029787 0.096154
