0 0.222707 0.269450 0.048035 0.106262
0 0.260917 0.271347 0.048035 0.106262
0 0.310044 0.280835 0.048035 0.106262
0 0.218341 0.370019 0.048035 0.106262
0 0.260917 0.373814 0.048035 0.106262
0 0.312227 0.379507 0.048035 0.106262
0 0.218341 0.470588 0.048035 0.106262
0 0.257642 0.468691 0.048035 0.106262
0 0.466703 0.485769 0.044760 0.110057
0 0.217795 0.654649 0.044760 0.110057
0 0.256004 0.658444 0.044760 0.110057
0 0.296397 0.664137 0.044760 0.110057
0 0.525655 0.673624 0.044760 0.110057
0 0.561681 0.673624 0.044760 0.110057
