0 0.210692 0.291304 0.040881 0.101449
0 0.251572 0.288406 0.040881 0.101449
0 0.305031 0.282609 0.040881 0.101449
0 0.212264 0.386957 0.040881 0.101449
0 0.253145 0.392754 0.040881 0.101449
0 0.305031 0.386957 0.040881 0.101449
0 0.215409 0.497101 0.040881 0.101449
0 0.256289 0.494203 0.040881 0.101449
0 0.460692 0.476812 0.040881 0.101449
0 0.220126 0.708696 0.040881 0.101449
0 0.256289 0.702899 0.040881 0.101449
0 0.298742 0.700000 0.040881 0.101449
0 0.533019 0.688406 0.040881 0.101449
0 0.570755 0.679710 0.040881 0.101449
1 0.383648 0.271014 0.025157 0.107246
1 0.422956 0.372464 0.025157 0.107246
1 0.342767 0.694203 0.025157 0.107246
1 0.382075 0.694203 0.025157 0.107246
1 0.440252 0.691304 0.025157 0.107246
1 0.649371 0.671014 0.025157 0.107246
