0 0.211628 0.263441 0.041860 0.091398
0 0.250388 0.258065 0.041860 0.091398
0 0.301550 0.252688 0.041860 0.091398
0 0.216279 0.357527 0.041860 0.091398
0 0.255039 0.354839 0.041860 0.091398
0 0.303101 0.354839 0.041860 0.091398
0 0.219380 0.462366 0.041860 0.091398
0 0.258140 0.462366 0.041860 0.091398
0 0.464341 0.451613 0.041860 0.091398
0 0.222481 0.658602 0.041860 0.091398
0 0.262791 0.653226 0.041860 0.091398
0 0.300000 0.654570 0.032558 0.094086
0 0.534109 0.633065 0.032558 0.094086
0 0.573643 0.633065 0.037209 0.094086
1 0.384496 0.254032 0.024806 0.094086
1 0.426357 0.345430 0.024806 0.094086
1 0.345736 0.649194 0.024806 0.094086
1 0.381395 0.646505 0.024806 0.094086
1 0.443411 0.643817 0.024806 0.094086
1 0.651163 0.631720 0.027907 0.091398
