0 0.214819 0.242144 0.045842 0.099815
0 0.259595 0.249538 0.045842 0.099815
0 0.308635 0.253235 0.045842 0.099815
0 0.216951 0.347505 0.045842 0.099815
0 0.261727 0.345656 0.045842 0.099815
0 0.317164 0.353050 0.045842 0.099815
0 0.218017 0.451017 0.045842 0.099815
0 0.264925 0.451017 0.045842 0.099815
0 0.478678 0.461183 0.044776 0.097967
0 0.218550 0.644177 0.044776 0.097967
0 0.257996 0.646026 0.044776 0.097967
0 0.302772 0.646026 0.044776 0.097967
0 0.535181 0.649723 0.044776 0.097967
0 0.576759 0.653420 0.044776 0.097967
1 0.401386 0.263401 0.028785 0.105360
1 0.438699 0.348429 0.028785 0.105360
1 0.352345 0.644177 0.028785 0.105360
1 0.384328 0.647874 0.028785 0.105360
1 0.452559 0.646026 0.028785 0.105360
1 0.652452 0.652495 0.023454 0.118299
