0 0.209834 0.286070 0.040166 0.094527
0 0.251385 0.291045 0.040166 0.094527
0 0.298476 0.291045 0.040166 0.094527
0 0.212604 0.385572 0.040166 0.094527
0 0.250000 0.385572 0.040166 0.094527
0 0.298476 0.385572 0.040166 0.094527
0 0.215374 0.487562 0.040166 0.094527
0 0.254155 0.485075 0.040166 0.094527
0 0.453601 0.482587 0.040166 0.094527
0 0.215374 0.684080 0.040166 0.094527
0 0.256925 0.684080 0.040166 0.094527
0 0.297091 0.684080 0.040166 0.094527
0 0.522853 0.676617 0.040166 0.094527
0 0.558864 0.676617 0.040166 0.094527
1 0.379501 0.288557 0.027701 0.104478
1 0.418283 0.375622 0.027701 0.104478
1 0.333795 0.679104 0.027701 0.104478
1 0.367036 0.679104 0.027701 0.104478
1 0.427978 0.684080 0.027701 0.104478
1 0.634349 0.681592 0.027701 0.104478
