0 0.191508 0.232323 0.046794 0.114478
0 0.236568 0.232323 0.046794 0.114478
0 0.286828 0.232323 0.046794 0.114478
0 0.189775 0.346801 0.046794 0.114478
0 0.229636 0.346801 0.046794 0.114478
0 0.288562 0.353535 0.046794 0.114478
0 0.191508 0.464646 0.046794 0.114478
0 0.229636 0.468013 0.046794 0.114478
0 0.453206 0.468013 0.039861 0.107744
0 0.193241 0.700337 0.046794 0.114478
0 0.234835 0.700337 0.046794 0.114478
0 0.278163 0.703704 0.046794 0.114478
0 0.522530 0.696970 0.046794 0.114478
0 0.567591 0.700337 0.046794 0.114478
1 0.376950 0.234007 0.029463 0.097643
