0 0.198736 0.241935 0.043539 0.107527
0 0.240871 0.247312 0.043539 0.107527
0 0.288624 0.236559 0.043539 0.107527
0 0.198736 0.352151 0.043539 0.107527
0 0.240871 0.357527 0.043539 0.107527
0 0.288624 0.352151 0.043539 0.107527
0 0.201545 0.456989 0.043539 0.107527
0 0.242275 0.456989 0.043539 0.107527
0 0.450140 0.459677 0.043539 0.107527
0 0.204354 0.674731 0.043539 0.107527
0 0.243680 0.674731 0.043539 0.107527
0 0.284410 0.677419 0.043539 0.107527
0 0.521770 0.680108 0.043539 0.107527
0 0.561096 0.677419 0.043539 0.107527
1 0.370787 0.239247 0.028090 0.102151
1 0.408708 0.341398 0.028090 0.102151
1 0.325843 0.672043 0.028090 0.102151
1 0.360955 0.674731 0.028090 0.102151
1 0.421348 0.666667 0.028090 0.102151
1 0.637640 0.674731 0.028090 0.102151
