0 0.197443 0.275819 0.042614 0.098237
0 0.238636 0.275819 0.042614 0.098237
0 0.295455 0.275819 0.042614 0.098237
0 0.197443 0.384131 0.042614 0.098237
0 0.238636 0.384131 0.042614 0.098237
0 0.292614 0.381612 0.042614 0.098237
0 0.198864 0.492443 0.042614 0.098237
0 0.241477 0.489924 0.042614 0.098237
0 0.451705 0.492443 0.042614 0.098237
0 0.196023 0.701511 0.042614 0.098237
0 0.284091 0.701511 0.042614 0.098237
0 0.238636 0.701511 0.042614 0.098237
0 0.519886 0.698992 0.042614 0.098237
0 0.561080 0.706549 0.042614 0.098237
1 0.380682 0.279597 0.022727 0.110831
1 0.420455 0.385390 0.022727 0.110831
1 0.325284 0.695214 0.022727 0.110831
1 0.365057 0.695214 0.022727 0.110831
1 0.647727 0.701511 0.025568 0.108312
1 0.423295 0.705290 0.022727 0.110831
