0 0.203771 0.262745 0.040146 0.086275
0 0.240268 0.262745 0.040146 0.086275
0 0.295012 0.260784 0.040146 0.086275
0 0.204988 0.356863 0.040146 0.086275
0 0.246350 0.352941 0.040146 0.086275
0 0.293796 0.354902 0.040146 0.086275
0 0.206204 0.445098 0.040146 0.086275
0 0.247567 0.449020 0.040146 0.086275
0 0.450730 0.452941 0.040146 0.086275
0 0.208637 0.629412 0.040146 0.086275
0 0.248783 0.629412 0.040146 0.086275
0 0.288929 0.629412 0.040146 0.086275
0 0.518856 0.635294 0.040146 0.086275
0 0.555353 0.635294 0.040146 0.086275
1 0.374088 0.262745 0.025547 0.090196
1 0.414234 0.352941 0.025547 0.090196
1 0.329075 0.629412 0.025547 0.090196
1 0.365572 0.635294 0.025547 0.090196
1 0.421533 0.633333 0.025547 0.090196
1 0.639294 0.635294 0.025547 0.090196
