0 0.210916 0.290727 0.039084 0.105263
0 0.250000 0.290727 0.039084 0.105263
0 0.299865 0.290727 0.039084 0.105263
0 0.210916 0.398496 0.039084 0.105263
0 0.247305 0.393484 0.039084 0.105263
0 0.297170 0.393484 0.039084 0.105263
0 0.210916 0.493734 0.039084 0.105263
0 0.250000 0.493734 0.039084 0.105263
0 0.446765 0.498747 0.039084 0.105263
0 0.212264 0.696742 0.039084 0.105263
0 0.248652 0.696742 0.039084 0.105263
0 0.286388 0.699248 0.039084 0.105263
0 0.511456 0.706767 0.039084 0.105263
0 0.549191 0.704261 0.039084 0.105263
