0 0.194805 0.239506 0.044156 0.098765
0 0.233766 0.234568 0.044156 0.098765
0 0.285714 0.239506 0.044156 0.098765
0 0.196104 0.348148 0.044156 0.098765
0 0.237662 0.348148 0.044156 0.098765
0 0.285714 0.348148 0.044156 0.098765
0 0.197403 0.454321 0.044156 0.098765
0 0.242857 0.454321 0.044156 0.098765
0 0.198701 0.669136 0.044156 0.098765
0 0.236364 0.669136 0.044156 0.098765
0 0.276623 0.669136 0.044156 0.098765
0 0.509091 0.671605 0.044156 0.098765
0 0.549351 0.671605 0.044156 0.098765
0 0.442857 0.456790 0.044156 0.098765
