0 0.200699 0.289406 0.040559 0.098191
0 0.239860 0.289406 0.040559 0.098191
0 0.290210 0.286822 0.040559 0.098191
0 0.203497 0.395349 0.040559 0.098191
0 0.242657 0.392765 0.040559 0.098191
0 0.290210 0.392765 0.040559 0.098191
0 0.204895 0.498708 0.040559 0.098191
0 0.245455 0.498708 0.040559 0.098191
0 0.448252 0.493540 0.040559 0.098191
0 0.209091 0.702842 0.040559 0.098191
0 0.249650 0.705426 0.040559 0.098191
0 0.288811 0.700258 0.040559 0.098191
0 0.518182 0.692506 0.040559 0.098191
0 0.557343 0.689922 0.040559 0.098191
1 0.369930 0.284238 0.032168 0.098191
1 0.410490 0.385013 0.032168 0.098191
1 0.332168 0.695090 0.032168 0.098191
1 0.365734 0.700258 0.032168 0.098191
1 0.418881 0.695090 0.032168 0.098191
1 0.634266 0.684755 0.032168 0.098191
