0 0.194169 0.221847 0.045105 0.110360
0 0.237074 0.219595 0.045105 0.110360
0 0.290979 0.224099 0.045105 0.110360
0 0.193069 0.336712 0.045105 0.110360
0 0.238174 0.343468 0.045105 0.110360
0 0.296480 0.343468 0.045105 0.110360
0 0.199670 0.465090 0.045105 0.110360
0 0.241474 0.469595 0.045105 0.110360
0 0.459296 0.476351 0.045105 0.110360
0 0.205171 0.703829 0.045105 0.110360
0 0.248075 0.697072 0.045105 0.110360
0 0.289879 0.694820 0.045105 0.110360
0 0.527503 0.690315 0.045105 0.110360
0 0.567107 0.688063 0.045105 0.110360
1 0.381188 0.237613 0.029703 0.128378
1 0.427393 0.336712 0.029703 0.128378
1 0.330583 0.699324 0.029703 0.128378
1 0.369087 0.692568 0.029703 0.128378
1 0.428493 0.690315 0.025303 0.114865
1 0.643014 0.683559 0.025303 0.114865
