0 0.218839 0.254950 0.038244 0.094059
0 0.254249 0.257426 0.038244 0.094059
0 0.303824 0.257426 0.038244 0.094059
0 0.218839 0.349010 0.038244 0.094059
0 0.257082 0.353960 0.038244 0.094059
0 0.305241 0.356436 0.038244 0.094059
0 0.218839 0.445545 0.038244 0.094059
0 0.257082 0.448020 0.038244 0.094059
0 0.456799 0.455446 0.038244 0.094059
0 0.225921 0.636139 0.038244 0.094059
0 0.261331 0.638614 0.038244 0.094059
0 0.300992 0.641089 0.038244 0.094059
0 0.517705 0.648515 0.038244 0.094059
0 0.555949 0.648515 0.038244 0.094059
1 0.383144 0.257426 0.018414 0.094059
1 0.419972 0.358911 0.018414 0.094059
1 0.337110 0.641089 0.031161 0.094059
1 0.369688 0.646040 0.031161 0.094059
1 0.427762 0.648515 0.031161 0.094059
1 0.631728 0.653465 0.031161 0.094059
