0 0.200372 0.261745 0.043424 0.098434
0 0.240074 0.255034 0.043424 0.098434
0 0.292184 0.252796 0.043424 0.098434
0 0.205335 0.362416 0.043424 0.098434
0 0.246278 0.353468 0.043424 0.098434
0 0.290943 0.360179 0.043424 0.098434
0 0.205335 0.460850 0.043424 0.098434
0 0.241315 0.460850 0.043424 0.098434
0 0.448511 0.465324 0.043424 0.098434
0 0.209057 0.662192 0.043424 0.098434
0 0.248759 0.666667 0.043424 0.098434
0 0.288462 0.664430 0.043424 0.098434
0 0.516749 0.671141 0.043424 0.098434
0 0.555211 0.671141 0.043424 0.098434
1 0.374069 0.259508 0.033499 0.102908
1 0.412531 0.357942 0.033499 0.102908
1 0.325682 0.666667 0.033499 0.102908
1 0.359181 0.668904 0.033499 0.102908
1 0.419975 0.668904 0.033499 0.102908
1 0.638337 0.677852 0.033499 0.102908
