0 0.206967 0.270433 0.047814 0.093750
0 0.247951 0.272837 0.047814 0.093750
0 0.298497 0.272837 0.047814 0.093750
0 0.202869 0.373798 0.047814 0.093750
0 0.247951 0.376202 0.047814 0.093750
0 0.301230 0.378606 0.047814 0.093750
0 0.202869 0.479567 0.047814 0.093750
0 0.242486 0.479567 0.047814 0.093750
0 0.456967 0.479567 0.047814 0.093750
0 0.198770 0.686298 0.047814 0.093750
0 0.238388 0.686298 0.047814 0.093750
0 0.284836 0.686298 0.047814 0.093750
0 0.521175 0.683894 0.047814 0.093750
0 0.560792 0.686298 0.047814 0.093750
