0 0.198925 0.302005 0.044547 0.092732
0 0.243472 0.302005 0.044547 0.092732
0 0.291091 0.302005 0.044547 0.092732
0 0.195853 0.394737 0.044547 0.092732
0 0.235791 0.397243 0.044547 0.092732
0 0.292627 0.397243 0.044547 0.092732
0 0.198157 0.493734 0.046083 0.085213
0 0.236559 0.498747 0.046083 0.085213
0 0.453149 0.491228 0.046083 0.085213
0 0.193548 0.689223 0.046083 0.085213
0 0.236559 0.686717 0.046083 0.085213
0 0.279570 0.684211 0.046083 0.085213
0 0.516129 0.671679 0.046083 0.085213
0 0.549923 0.671679 0.046083 0.085213
1 0.379416 0.304511 0.027650 0.092732
1 0.417819 0.392231 0.027650 0.092732
1 0.324117 0.677945 0.027650 0.092732
1 0.359447 0.680451 0.027650 0.092732
1 0.422427 0.677945 0.027650 0.092732
1 0.631336 0.665414 0.027650 0.092732
