0 0.195040 0.279904 0.041555 0.095694
0 0.235255 0.287081 0.041555 0.095694
0 0.288874 0.291866 0.041555 0.095694
0 0.193700 0.394737 0.041555 0.095694
0 0.233914 0.397129 0.041555 0.095694
0 0.286193 0.392344 0.041555 0.095694
0 0.193700 0.500000 0.041555 0.095694
0 0.233914 0.497608 0.041555 0.095694
0 0.444370 0.497608 0.041555 0.095694
0 0.193700 0.702153 0.038874 0.098086
0 0.231233 0.702153 0.038874 0.098086
0 0.272788 0.704545 0.038874 0.098086
0 0.504692 0.699761 0.038874 0.098086
0 0.546247 0.702153 0.038874 0.098086
1 0.370643 0.290670 0.033512 0.098086
1 0.408177 0.395933 0.033512 0.098086
1 0.315684 0.699761 0.033512 0.098086
1 0.354558 0.704545 0.033512 0.098086
1 0.409517 0.706938 0.033512 0.098086
1 0.621314 0.702153 0.033512 0.098086
