0 0.229860 0.281250 0.042965 0.087500
0 0.268528 0.281250 0.042965 0.087500
0 0.319012 0.286607 0.042965 0.087500
0 0.225564 0.374107 0.042965 0.087500
0 0.267454 0.377679 0.042965 0.087500
0 0.320086 0.375893 0.042965 0.087500
0 0.470462 0.479464 0.042965 0.087500
0 0.225564 0.466964 0.042965 0.087500
0 0.271751 0.470536 0.042965 0.087500
0 0.228786 0.638393 0.042965 0.087500
0 0.264232 0.640179 0.042965 0.087500
0 0.308271 0.645536 0.042965 0.087500
0 0.529538 0.654464 0.042965 0.087500
0 0.564984 0.661607 0.042965 0.087500
