0 0.214286 0.267287 0.042996 0.109043
0 0.253121 0.264628 0.042996 0.109043
0 0.304438 0.269947 0.042996 0.109043
0 0.212899 0.371011 0.042996 0.109043
0 0.254508 0.373670 0.042996 0.109043
0 0.304438 0.378989 0.042996 0.109043
0 0.340499 0.373670 0.042996 0.109043
0 0.214286 0.490691 0.042996 0.109043
0 0.255895 0.485372 0.042996 0.109043
0 0.459778 0.485372 0.042996 0.109043
0 0.220527 0.696809 0.049931 0.106383
0 0.266297 0.698138 0.038835 0.103723
0 0.299584 0.696809 0.049931 0.106383
0 0.531207 0.691489 0.036061 0.106383
0 0.567268 0.691489 0.036061 0.106383
