0 0.201600 0.275362 0.041600 0.092754
0 0.236800 0.272464 0.041600 0.092754
0 0.283200 0.269565 0.041600 0.092754
0 0.196800 0.371014 0.041600 0.092754
0 0.240000 0.371014 0.041600 0.092754
0 0.283200 0.368116 0.041600 0.092754
0 0.203200 0.469565 0.041600 0.092754
0 0.244800 0.469565 0.041600 0.092754
0 0.435200 0.472464 0.041600 0.092754
0 0.208800 0.663768 0.033600 0.098551
0 0.243200 0.668116 0.035200 0.101449
0 0.276800 0.668116 0.035200 0.101449
0 0.502400 0.673913 0.035200 0.101449
0 0.540800 0.676812 0.035200 0.101449
1 0.361600 0.269565 0.025600 0.098551
1 0.400000 0.368116 0.025600 0.098551
1 0.321600 0.669565 0.025600 0.098551
1 0.358400 0.675362 0.025600 0.098551
1 0.409600 0.675362 0.025600 0.098551
1 0.620800 0.675362 0.025600 0.098551
