0 0.198454 0.262443 0.041237 0.099548
0 0.238402 0.264706 0.041237 0.099548
0 0.287371 0.266968 0.041237 0.099548
0 0.197165 0.364253 0.041237 0.099548
0 0.238402 0.364253 0.041237 0.099548
0 0.287371 0.366516 0.041237 0.099548
0 0.197165 0.461538 0.041237 0.099548
0 0.238402 0.463801 0.041237 0.099548
0 0.439433 0.466063 0.041237 0.099548
0 0.199742 0.649321 0.041237 0.099548
0 0.237113 0.656109 0.041237 0.099548
0 0.279639 0.656109 0.041237 0.099548
0 0.507732 0.662896 0.041237 0.099548
0 0.539948 0.658371 0.041237 0.099548
1 0.369201 0.268100 0.027062 0.097285
1 0.409149 0.365385 0.027062 0.097285
1 0.320232 0.654977 0.027062 0.097285
1 0.355026 0.654977 0.027062 0.097285
1 0.411727 0.657240 0.027062 0.097285
1 0.628222 0.661765 0.027062 0.097285
