0 0.204004 0.248954 0.048701 0.108787
0 0.245130 0.248954 0.048701 0.108787
0 0.202922 0.368201 0.048701 0.108787
0 0.246212 0.370293 0.048701 0.108787
0 0.298160 0.248954 0.048701 0.108787
0 0.300325 0.357741 0.048701 0.108787
0 0.206169 0.470711 0.048701 0.108787
0 0.251623 0.470711 0.048701 0.108787
0 0.462121 0.475941 0.041126 0.119247
0 0.218615 0.685146 0.041126 0.119247
0 0.257576 0.685146 0.041126 0.119247
0 0.297619 0.687238 0.041126 0.119247
0 0.533550 0.672594 0.041126 0.119247
0 0.569264 0.678870 0.041126 0.119247
1 0.390693 0.255230 0.030303 0.112971
1 0.426407 0.359833 0.030303 0.112971
1 0.336580 0.679916 0.030303 0.112971
1 0.375541 0.682008 0.030303 0.112971
1 0.438312 0.682008 0.030303 0.112971
1 0.635281 0.665272 0.030303 0.112971
