0 0.208387 0.244444 0.040000 0.084444
0 0.244516 0.244444 0.040000 0.084444
0 0.292258 0.246667 0.040000 0.084444
0 0.210968 0.337778 0.040000 0.084444
0 0.252258 0.337778 0.040000 0.084444
0 0.293548 0.340000 0.040000 0.084444
0 0.210968 0.426667 0.040000 0.084444
0 0.250968 0.435556 0.040000 0.084444
0 0.438065 0.435556 0.040000 0.084444
0 0.209677 0.604444 0.040000 0.084444
0 0.248387 0.611111 0.040000 0.084444
0 0.283226 0.615556 0.040000 0.084444
0 0.502581 0.624444 0.040000 0.084444
0 0.540000 0.626667 0.040000 0.084444
1 0.370323 0.250000 0.028387 0.091111
1 0.405161 0.336667 0.028387 0.091111
1 0.321290 0.614444 0.028387 0.091111
1 0.358710 0.614444 0.028387 0.091111
1 0.409032 0.614444 0.028387 0.091111
1 0.612903 0.625556 0.028387 0.091111
