0 0.194444 0.275204 0.041667 0.081744
0 0.232639 0.280654 0.041667 0.081744
0 0.284722 0.277929 0.041667 0.081744
0 0.190972 0.367847 0.041667 0.081744
0 0.230903 0.370572 0.041667 0.081744
0 0.281250 0.373297 0.041667 0.081744
0 0.192708 0.455041 0.041667 0.081744
0 0.234375 0.460490 0.041667 0.081744
0 0.432292 0.465940 0.041667 0.081744
0 0.189236 0.634877 0.041667 0.081744
0 0.229167 0.634877 0.041667 0.081744
0 0.272569 0.634877 0.041667 0.081744
0 0.500000 0.648501 0.041667 0.081744
0 0.536458 0.643052 0.041667 0.081744
1 0.363715 0.282016 0.029514 0.084469
1 0.401910 0.371935 0.029514 0.084469
1 0.311632 0.633515 0.029514 0.084469
1 0.348090 0.636240 0.029514 0.084469
1 0.408854 0.647139 0.029514 0.084469
1 0.613715 0.647139 0.029514 0.084469
