0 0.198353 0.272222 0.040419 0.094444
0 0.235778 0.272222 0.040419 0.094444
0 0.289671 0.269444 0.040419 0.094444
0 0.198353 0.380556 0.040419 0.094444
0 0.241766 0.380556 0.040419 0.094444
0 0.291168 0.380556 0.040419 0.094444
0 0.201347 0.491667 0.040419 0.094444
0 0.238772 0.494444 0.040419 0.094444
0 0.448353 0.477778 0.040419 0.094444
0 0.205838 0.702778 0.040419 0.094444
0 0.241766 0.700000 0.040419 0.094444
0 0.282186 0.700000 0.040419 0.094444
0 0.518713 0.680556 0.040419 0.094444
0 0.556138 0.680556 0.040419 0.094444
1 0.369012 0.262500 0.025449 0.102778
1 0.416916 0.362500 0.025449 0.102778
1 0.324102 0.701389 0.025449 0.102778
1 0.367515 0.693056 0.025449 0.102778
1 0.424401 0.690278 0.025449 0.102778
1 0.633982 0.673611 0.025449 0.102778
