0 0.253094 0.248775 0.040842 0.110294
0 0.212252 0.256127 0.040842 0.110294
0 0.301361 0.248775 0.040842 0.110294
0 0.214728 0.363971 0.040842 0.110294
0 0.255569 0.363971 0.040842 0.110294
0 0.307550 0.363971 0.040842 0.110294
0 0.215965 0.481618 0.040842 0.110294
0 0.259282 0.474265 0.040842 0.110294
0 0.461015 0.474265 0.040842 0.110294
0 0.222153 0.704657 0.040842 0.110294
0 0.261757 0.699755 0.040842 0.110294
0 0.298886 0.689951 0.040842 0.110294
0 0.534035 0.682598 0.040842 0.110294
0 0.568688 0.689951 0.040842 0.110294
