0 0.197034 0.250000 0.040960 0.103093
0 0.236582 0.250000 0.040960 0.103093
0 0.285311 0.250000 0.036723 0.103093
0 0.198446 0.358247 0.040960 0.103093
0 0.235169 0.358247 0.040960 0.103093
0 0.288842 0.355670 0.040960 0.103093
0 0.201271 0.453608 0.040960 0.103093
0 0.237994 0.458763 0.040960 0.103093
0 0.444209 0.456186 0.040960 0.103093
0 0.202684 0.659794 0.040960 0.103093
0 0.243644 0.659794 0.040960 0.103093
0 0.281780 0.659794 0.040960 0.103093
0 0.517655 0.659794 0.040960 0.103093
0 0.557203 0.662371 0.040960 0.103093
