0 0.235398 0.295977 0.049558 0.086207
0 0.196460 0.295977 0.049558 0.086207
0 0.286726 0.298851 0.049558 0.086207
0 0.194690 0.390805 0.049558 0.086207
0 0.235398 0.396552 0.049558 0.086207
0 0.288496 0.396552 0.049558 0.086207
0 0.194690 0.485632 0.049558 0.086207
0 0.237168 0.494253 0.049558 0.086207
0 0.444248 0.497126 0.049558 0.086207
0 0.192920 0.681034 0.049558 0.086207
0 0.230088 0.683908 0.049558 0.086207
0 0.274336 0.681034 0.049558 0.086207
0 0.509735 0.686782 0.049558 0.086207
0 0.545133 0.689655 0.049558 0.086207
1 0.372566 0.295977 0.026549 0.086207
1 0.415044 0.396552 0.026549 0.086207
1 0.319469 0.678161 0.026549 0.086207
1 0.356637 0.683908 0.026549 0.086207
1 0.413274 0.681034 0.026549 0.086207
1 0.630973 0.692529 0.026549 0.086207
