0 0.204756 0.288684 0.042272 0.087760
0 0.241744 0.286374 0.042272 0.087760
0 0.287979 0.286374 0.042272 0.087760
0 0.202114 0.385681 0.042272 0.087760
0 0.244386 0.390300 0.042272 0.087760
0 0.289300 0.392610 0.042272 0.087760
0 0.203435 0.478060 0.042272 0.087760
0 0.245707 0.473441 0.042272 0.087760
0 0.442536 0.494226 0.042272 0.087760
0 0.198151 0.672055 0.042272 0.087760
0 0.237781 0.669746 0.042272 0.087760
0 0.278732 0.676674 0.042272 0.087760
0 0.504624 0.688222 0.042272 0.087760
0 0.546896 0.695150 0.042272 0.087760
1 0.405548 0.393764 0.026420 0.103926
1 0.314399 0.680139 0.026420 0.103926
1 0.351387 0.684758 0.026420 0.103926
1 0.408190 0.687067 0.026420 0.103926
1 0.626156 0.696305 0.026420 0.103926
