0 0.183200 0.268437 0.043200 0.100295
0 0.224800 0.268437 0.043200 0.100295
0 0.280800 0.268437 0.043200 0.100295
0 0.183200 0.374631 0.043200 0.100295
0 0.223200 0.371681 0.043200 0.100295
0 0.282400 0.374631 0.043200 0.100295
0 0.183200 0.486726 0.043200 0.100295
0 0.223200 0.486726 0.043200 0.100295
0 0.442400 0.474926 0.043200 0.100295
0 0.181600 0.705015 0.043200 0.100295
0 0.226400 0.705015 0.043200 0.100295
0 0.271200 0.707965 0.043200 0.100295
0 0.512800 0.693215 0.043200 0.100295
0 0.552800 0.690265 0.043200 0.100295
