0 0.207201 0.275176 0.033967 0.096019
0 0.247962 0.275176 0.033967 0.096019
0 0.299592 0.277518 0.033967 0.096019
0 0.208560 0.373536 0.033967 0.096019
0 0.250679 0.373536 0.039402 0.096019
0 0.300951 0.378220 0.039402 0.096019
0 0.207201 0.478923 0.039402 0.096019
0 0.245245 0.478923 0.039402 0.096019
0 0.454484 0.478923 0.039402 0.096019
0 0.204484 0.675644 0.039402 0.096019
0 0.246603 0.675644 0.039402 0.096019
0 0.287364 0.673302 0.039402 0.096019
0 0.521060 0.677986 0.039402 0.096019
0 0.564538 0.677986 0.039402 0.096019
1 0.383832 0.283372 0.031250 0.098361
1 0.420516 0.374707 0.031250 0.098361
1 0.326766 0.674473 0.031250 0.112412
1 0.364810 0.669789 0.031250 0.098361
1 0.421875 0.669789 0.031250 0.098361
1 0.643342 0.672131 0.031250 0.098361
