0 0.200508 0.248494 0.042301 0.099398
0 0.241117 0.248494 0.042301 0.099398
0 0.288494 0.251506 0.042301 0.099398
0 0.203892 0.356928 0.042301 0.099398
0 0.237733 0.356928 0.042301 0.099398
0 0.290186 0.356928 0.042301 0.099398
0 0.207276 0.459337 0.042301 0.099398
0 0.242809 0.453313 0.042301 0.099398
0 0.207276 0.661145 0.042301 0.099398
0 0.241117 0.661145 0.042301 0.099398
0 0.286802 0.664157 0.042301 0.099398
0 0.450931 0.456325 0.042301 0.099398
0 0.521997 0.658133 0.042301 0.099398
0 0.562606 0.664157 0.042301 0.099398
