0 0.193247 0.240385 0.038793 0.086538
0 0.233477 0.240385 0.038793 0.086538
0 0.283764 0.237981 0.038793 0.086538
0 0.191810 0.334135 0.038793 0.086538
0 0.234914 0.331731 0.038793 0.086538
0 0.280891 0.336538 0.038793 0.086538
0 0.196121 0.430288 0.038793 0.086538
0 0.234914 0.427885 0.038793 0.086538
0 0.434626 0.439904 0.038793 0.086538
0 0.194684 0.608173 0.038793 0.086538
0 0.230603 0.612981 0.038793 0.086538
0 0.275144 0.612981 0.038793 0.086538
0 0.499282 0.625000 0.038793 0.086538
0 0.539511 0.627404 0.038793 0.086538
1 0.361351 0.248798 0.024425 0.088942
1 0.398707 0.332933 0.024425 0.088942
1 0.311063 0.616587 0.024425 0.088942
1 0.346983 0.618990 0.024425 0.088942
1 0.400144 0.621394 0.024425 0.088942
1 0.617098 0.623798 0.024425 0.088942
