0 0.205128 0.252577 0.043185 0.108247
0 0.245614 0.244845 0.043185 0.108247
0 0.298246 0.244845 0.043185 0.108247
0 0.209177 0.365979 0.043185 0.108247
0 0.248313 0.363402 0.043185 0.108247
0 0.303644 0.358247 0.043185 0.108247
0 0.213225 0.471649 0.043185 0.108247
0 0.253711 0.471649 0.043185 0.108247
0 0.464238 0.463918 0.043185 0.108247
0 0.215924 0.690722 0.043185 0.108247
0 0.259109 0.690722 0.043185 0.108247
0 0.296896 0.693299 0.043185 0.108247
0 0.529015 0.672680 0.043185 0.108247
0 0.572200 0.675258 0.043185 0.108247
1 0.381916 0.240979 0.024291 0.105670
1 0.422402 0.344072 0.024291 0.105670
1 0.338731 0.681701 0.024291 0.105670
1 0.376518 0.679124 0.024291 0.105670
1 0.435897 0.676546 0.024291 0.105670
1 0.654521 0.666237 0.024291 0.105670
