0 0.200540 0.277311 0.041367 0.089636
0 0.240108 0.280112 0.041367 0.089636
0 0.292266 0.280112 0.041367 0.089636
0 0.198741 0.366947 0.041367 0.089636
0 0.238309 0.369748 0.041367 0.089636
0 0.290468 0.372549 0.041367 0.089636
0 0.196942 0.462185 0.041367 0.089636
0 0.238309 0.464986 0.041367 0.089636
0 0.452338 0.473389 0.041367 0.089636
0 0.198741 0.644258 0.041367 0.089636
0 0.236511 0.647059 0.041367 0.089636
0 0.277878 0.649860 0.041367 0.089636
0 0.517086 0.652661 0.041367 0.089636
0 0.554856 0.655462 0.041367 0.089636
1 0.375899 0.277311 0.028777 0.084034
1 0.419065 0.366947 0.028777 0.084034
1 0.323741 0.649860 0.028777 0.084034
1 0.359712 0.647059 0.028777 0.084034
1 0.420863 0.655462 0.028777 0.084034
1 0.634892 0.649860 0.028777 0.084034
