0 0.198039 0.273026 0.043137 0.085526
0 0.235948 0.273026 0.043137 0.085526
0 0.284314 0.277412 0.043137 0.085526
0 0.194118 0.369518 0.043137 0.085526
0 0.237255 0.367325 0.043137 0.085526
0 0.290850 0.369518 0.043137 0.085526
0 0.192810 0.461623 0.043137 0.085526
0 0.232026 0.461623 0.043137 0.085526
0 0.434641 0.470395 0.043137 0.085526
0 0.188889 0.645833 0.043137 0.085526
0 0.230719 0.648026 0.043137 0.085526
0 0.268627 0.648026 0.043137 0.085526
0 0.492157 0.648026 0.043137 0.085526
0 0.528758 0.650219 0.043137 0.085526
