0 0.190309 0.259398 0.040730 0.097744
0 0.229635 0.256892 0.040730 0.097744
0 0.278792 0.256892 0.040730 0.097744
0 0.193118 0.359649 0.040730 0.097744
0 0.231039 0.364662 0.040730 0.097744
0 0.281601 0.362155 0.040730 0.097744
0 0.194522 0.462406 0.040730 0.097744
0 0.233848 0.467419 0.040730 0.097744
0 0.436096 0.462406 0.040730 0.097744
0 0.194522 0.660401 0.040730 0.097744
0 0.232444 0.660401 0.040730 0.097744
0 0.271770 0.662907 0.040730 0.097744
0 0.504916 0.662907 0.040730 0.097744
0 0.542837 0.667920 0.040730 0.097744
1 0.363062 0.255639 0.023876 0.110276
1 0.402388 0.353383 0.023876 0.110276
1 0.627107 0.654135 0.023876 0.110276
1 0.316713 0.654135 0.023876 0.105263
1 0.351826 0.656642 0.023876 0.105263
1 0.410112 0.657895 0.028090 0.102757
