0 0.195893 0.272727 0.047393 0.099174
0 0.240126 0.267218 0.047393 0.099174
0 0.295419 0.264463 0.047393 0.099174
0 0.195893 0.377410 0.047393 0.099174
0 0.241706 0.374656 0.047393 0.099174
0 0.298578 0.371901 0.047393 0.099174
0 0.205371 0.482094 0.047393 0.099174
0 0.246445 0.476584 0.047393 0.099174
0 0.466035 0.462810 0.047393 0.099174
0 0.208531 0.694215 0.047393 0.099174
0 0.251185 0.691460 0.047393 0.099174
0 0.290679 0.683196 0.047393 0.099174
0 0.537125 0.658402 0.047393 0.099174
0 0.575039 0.658402 0.047393 0.099174
1 0.379937 0.256198 0.033175 0.099174
1 0.422591 0.358127 0.033175 0.099174
1 0.378357 0.677686 0.033175 0.099174
1 0.337283 0.683196 0.033175 0.099174
1 0.435229 0.666667 0.033175 0.099174
1 0.654818 0.652893 0.033175 0.099174
