0 0.189687 0.249164 0.047882 0.110368
0 0.232044 0.245819 0.047882 0.110368
0 0.189687 0.361204 0.040516 0.113712
0 0.235727 0.367893 0.040516 0.113712
0 0.189687 0.468227 0.040516 0.113712
0 0.232044 0.478261 0.040516 0.113712
0 0.187845 0.682274 0.040516 0.113712
0 0.232044 0.685619 0.040516 0.113712
0 0.267035 0.682274 0.040516 0.113712
0 0.285451 0.260870 0.040516 0.113712
0 0.283610 0.364548 0.040516 0.113712
0 0.445672 0.481605 0.040516 0.113712
0 0.515654 0.692308 0.040516 0.113712
0 0.552486 0.698997 0.040516 0.113712
