0 0.203521 0.269521 0.040845 0.110831
0 0.244366 0.277078 0.040845 0.110831
0 0.300704 0.277078 0.040845 0.110831
0 0.200704 0.382872 0.040845 0.110831
0 0.241549 0.380353 0.040845 0.110831
0 0.297887 0.380353 0.040845 0.110831
0 0.203521 0.478589 0.040845 0.110831
0 0.242958 0.481108 0.040845 0.110831
0 0.454225 0.486146 0.040845 0.110831
0 0.199296 0.695214 0.040845 0.110831
0 0.240845 0.700252 0.039437 0.110831
0 0.281690 0.700252 0.039437 0.110831
0 0.525352 0.705290 0.039437 0.110831
0 0.564789 0.707809 0.039437 0.110831
