0 0.192503 0.265258 0.039390 0.112676
0 0.233164 0.265258 0.039390 0.112676
0 0.280178 0.265258 0.039390 0.112676
0 0.193774 0.373239 0.039390 0.112676
0 0.233164 0.373239 0.039390 0.112676
0 0.282719 0.375587 0.039390 0.112676
0 0.197586 0.481221 0.039390 0.112676
0 0.230623 0.471831 0.039390 0.112676
0 0.435197 0.469484 0.039390 0.112676
0 0.197586 0.683099 0.039390 0.112676
0 0.239517 0.678404 0.039390 0.112676
0 0.280178 0.678404 0.039390 0.112676
0 0.503812 0.678404 0.039390 0.112676
0 0.543202 0.678404 0.039390 0.112676
1 0.358323 0.264085 0.030496 0.100939
1 0.401525 0.367371 0.030496 0.100939
1 0.315121 0.681925 0.030496 0.100939
1 0.345616 0.679577 0.030496 0.100939
1 0.404066 0.679577 0.030496 0.100939
1 0.620076 0.679577 0.030496 0.100939
