0 0.194823 0.257075 0.040872 0.099057
0 0.237057 0.254717 0.040872 0.099057
0 0.283379 0.257075 0.040872 0.099057
0 0.196185 0.353774 0.040872 0.099057
0 0.235695 0.353774 0.040872 0.099057
0 0.284741 0.356132 0.040872 0.099057
0 0.194823 0.445755 0.040872 0.099057
0 0.235695 0.445755 0.040872 0.099057
0 0.434605 0.452830 0.040872 0.099057
0 0.198910 0.634434 0.040872 0.099057
0 0.239782 0.634434 0.040872 0.099057
0 0.277929 0.639151 0.040872 0.099057
0 0.505450 0.643868 0.040872 0.099057
0 0.543597 0.653302 0.040872 0.099057
1 0.363760 0.255896 0.024523 0.096698
1 0.401907 0.350236 0.024523 0.096698
1 0.410082 0.642689 0.024523 0.096698
1 0.352861 0.640330 0.024523 0.096698
1 0.314714 0.645047 0.024523 0.096698
1 0.622616 0.656840 0.024523 0.096698
