0 0.192737 0.263158 0.044693 0.105263
0 0.240223 0.265550 0.044693 0.105263
0 0.289106 0.272727 0.044693 0.105263
0 0.188547 0.373206 0.044693 0.105263
0 0.227654 0.370813 0.044693 0.105263
0 0.283520 0.373206 0.044693 0.105263
0 0.188547 0.473684 0.044693 0.105263
0 0.227654 0.471292 0.044693 0.105263
0 0.445531 0.473684 0.044693 0.105263
0 0.182961 0.677033 0.044693 0.105263
0 0.229050 0.677033 0.044693 0.105263
0 0.272346 0.681818 0.044693 0.105263
0 0.515363 0.681818 0.044693 0.105263
0 0.553073 0.681818 0.044693 0.105263
1 0.375698 0.271531 0.025140 0.083732
1 0.312849 0.679426 0.025140 0.124402
1 0.351955 0.681818 0.025140 0.124402
1 0.412709 0.677033 0.020950 0.114833
1 0.632682 0.683014 0.025140 0.107656
