0 0.193548 0.264350 0.045161 0.105740
0 0.230645 0.255287 0.045161 0.105740
0 0.290323 0.258308 0.045161 0.105740
0 0.195161 0.370091 0.045161 0.105740
0 0.235484 0.376133 0.045161 0.105740
0 0.287097 0.373112 0.045161 0.105740
0 0.196774 0.478852 0.045161 0.105740
0 0.235484 0.484894 0.045161 0.105740
0 0.451613 0.469789 0.045161 0.105740
0 0.198387 0.708459 0.045161 0.105740
0 0.237097 0.705438 0.045161 0.105740
0 0.280645 0.705438 0.045161 0.105740
0 0.524194 0.681269 0.045161 0.105740
0 0.562903 0.672205 0.045161 0.105740
1 0.371774 0.249245 0.033871 0.099698
1 0.417742 0.359517 0.029032 0.102719
1 0.325806 0.691843 0.029032 0.102719
1 0.362903 0.697885 0.029032 0.102719
1 0.425806 0.694864 0.029032 0.102719
