0 0.209191 0.267898 0.039781 0.096998
0 0.246228 0.270208 0.039781 0.096998
0 0.295610 0.274827 0.039781 0.096998
0 0.206447 0.367206 0.039781 0.096998
0 0.243484 0.364896 0.039781 0.096998
0 0.295610 0.369515 0.039781 0.096998
0 0.206447 0.461894 0.039781 0.096998
0 0.243484 0.464203 0.039781 0.096998
0 0.447874 0.475751 0.039781 0.096998
0 0.200960 0.653580 0.039781 0.096998
0 0.237997 0.655889 0.039781 0.096998
0 0.281893 0.660508 0.039781 0.096998
0 0.515089 0.672055 0.039781 0.096998
0 0.550754 0.674365 0.039781 0.096998
1 0.377915 0.274827 0.028807 0.106236
1 0.414952 0.367206 0.028807 0.106236
1 0.327160 0.661663 0.034294 0.103926
1 0.358711 0.663972 0.034294 0.103926
1 0.416324 0.670901 0.034294 0.103926
1 0.634431 0.682448 0.034294 0.103926
