0 0.200769 0.292135 0.041538 0.095506
0 0.240769 0.289326 0.041538 0.095506
0 0.290000 0.289326 0.041538 0.095506
0 0.203846 0.396067 0.041538 0.095506
0 0.243846 0.396067 0.041538 0.095506
0 0.293077 0.387640 0.041538 0.095506
0 0.206923 0.502809 0.041538 0.095506
0 0.245385 0.497191 0.041538 0.095506
0 0.213077 0.705056 0.041538 0.095506
0 0.251538 0.696629 0.041538 0.095506
0 0.290000 0.696629 0.041538 0.095506
0 0.451538 0.471910 0.041538 0.095506
0 0.520769 0.662921 0.041538 0.095506
0 0.556154 0.654494 0.041538 0.095506
1 0.370769 0.269663 0.024615 0.089888
1 0.412308 0.367978 0.024615 0.089888
1 0.331538 0.691011 0.026154 0.106742
1 0.366923 0.688202 0.026154 0.106742
1 0.425385 0.679775 0.026154 0.106742
1 0.633077 0.646067 0.026154 0.106742
