0 0.216981 0.309117 0.037736 0.094017
0 0.251572 0.309117 0.037736 0.094017
0 0.305031 0.300570 0.037736 0.094017
0 0.218553 0.408832 0.037736 0.094017
0 0.256289 0.403134 0.037736 0.094017
0 0.305031 0.405983 0.037736 0.094017
0 0.220126 0.505698 0.037736 0.094017
0 0.257862 0.505698 0.037736 0.094017
0 0.457547 0.491453 0.037736 0.094017
0 0.226415 0.707977 0.037736 0.094017
0 0.261006 0.707977 0.037736 0.094017
0 0.298742 0.705128 0.037736 0.094017
0 0.531447 0.682336 0.037736 0.094017
0 0.566038 0.679487 0.037736 0.094017
