0 0.197347 0.243902 0.039801 0.103659
0 0.233831 0.243902 0.039801 0.103659
0 0.286899 0.246951 0.039801 0.103659
0 0.199005 0.347561 0.039801 0.103659
0 0.237148 0.347561 0.039801 0.103659
0 0.286899 0.353659 0.039801 0.103659
0 0.202322 0.451220 0.039801 0.103659
0 0.237148 0.454268 0.039801 0.103659
0 0.442786 0.458841 0.036484 0.106707
0 0.203980 0.658537 0.039801 0.103659
0 0.242123 0.660061 0.036484 0.106707
0 0.280265 0.657012 0.036484 0.106707
0 0.514096 0.675305 0.036484 0.106707
0 0.550580 0.675305 0.036484 0.106707
1 0.370647 0.242378 0.024876 0.106707
1 0.408789 0.346037 0.024876 0.106707
1 0.320896 0.660061 0.024876 0.106707
1 0.357380 0.660061 0.024876 0.106707
1 0.413765 0.672256 0.024876 0.106707
1 0.634328 0.678354 0.024876 0.106707
