0 0.203125 0.257177 0.040179 0.083732
0 0.240327 0.254785 0.040179 0.083732
0 0.290923 0.259569 0.040179 0.083732
0 0.200149 0.343301 0.040179 0.083732
0 0.238839 0.343301 0.040179 0.083732
0 0.289435 0.348086 0.040179 0.083732
0 0.200149 0.438995 0.040179 0.083732
0 0.241815 0.438995 0.040179 0.083732
0 0.444196 0.450957 0.040179 0.083732
0 0.197173 0.618421 0.040179 0.083732
0 0.235863 0.623206 0.040179 0.083732
0 0.276042 0.623206 0.040179 0.083732
0 0.514137 0.637560 0.040179 0.083732
0 0.552827 0.637560 0.040179 0.083732
1 0.372768 0.264354 0.025298 0.088517
1 0.411458 0.350478 0.025298 0.088517
1 0.319196 0.623206 0.025298 0.088517
1 0.359375 0.630383 0.025298 0.088517
1 0.415923 0.630383 0.025298 0.088517
1 0.633185 0.649522 0.025298 0.088517
