0 0.194779 0.267654 0.041499 0.088838
0 0.236278 0.265376 0.041499 0.088838
0 0.288487 0.276765 0.041499 0.088838
0 0.194779 0.372437 0.041499 0.088838
0 0.233601 0.374715 0.041499 0.088838
0 0.284471 0.372437 0.041499 0.088838
0 0.192102 0.468109 0.041499 0.088838
0 0.234940 0.468109 0.041499 0.088838
0 0.439759 0.474943 0.041499 0.088838
0 0.190763 0.666287 0.041499 0.088838
0 0.230924 0.664009 0.041499 0.088838
0 0.272423 0.666287 0.041499 0.088838
0 0.502677 0.659453 0.041499 0.088838
0 0.544177 0.664009 0.041499 0.088838
1 0.370147 0.272210 0.030790 0.088838
1 0.407631 0.372437 0.030790 0.088838
1 0.316600 0.657175 0.030790 0.088838
1 0.354083 0.659453 0.030790 0.088838
1 0.406292 0.659453 0.030790 0.088838
1 0.619143 0.666287 0.030790 0.088838
